centrality	0	20	5.1	0			
pt	ptlow	pthigh	inv.yield	stat +	stat -	sys +	sys -
0.55	0.45	0.65	0.011809	0.0001	-0.0001	0.00140282	-0.00140282
0.65	0.55	0.75	0.012888	0.000101	-0.000101	0.00153105	-0.00153105
0.75	0.65	0.85	0.011933	0.000094	-0.000094	0.00141757	-0.00141757
0.85	0.75	0.95	0.010091	0.000084	-0.000084	0.0011988	-0.0011988
0.95	0.85	1.05	0.008133	0.000073	-0.000073	0.000966157	-0.000966157
1.05	0.95	1.15	0.006503	0.000063	-0.000063	0.000781729	-0.000781729
1.15	1.05	1.25	0.004981	0.000053	-0.000053	0.000598772	-0.000598772
1.25	1.15	1.35	0.003694	0.000044	-0.000044	0.000444105	-0.000444105
1.35	1.25	1.45	0.002945	0.000039	-0.000039	0.000354047	-0.000354047
1.45	1.35	1.55	0.002074	0.000031	-0.000031	0.00024927	-0.00024927
1.55	1.45	1.65	0.001554	0.000026	-0.000026	0.000224139	-0.000224139
1.65	1.55	1.75	0.001138	0.000021	-0.000021	0.000164151	-0.000164151
1.75	1.65	1.85	0.000818	0.000017	-0.000017	0.000118032	-0.000118032
1.85	1.75	1.95	0.000594	0.000014	-0.000014	0.000085753	-0.000085753
1.95	1.85	2.05	0.000437	0.000012	-0.000012	0.00006309	-0.00006309
2.1	1.9	2.3	0.000295	0.000007	-0.000007	0.000045076	-0.000045076
2.3	2.1	2.5	0.000163	0.000005	-0.000005	0.000024857	-0.000024857
2.5	2.3	2.7	0.000097	0.000003	-0.000003	0.000014749	-0.000014749
2.7	2.5	2.9	0.00006	0.000003	-0.000003	0.000009137	-0.000009137
							
centrality	0	72	4	0			
pt	ptlow	pthigh	inv.yield	stat +	stat -	sys +	sys -
0.55	0.45	0.65	0.008241	0.000045	-0.000045	0.000978988	-0.000978988
0.65	0.55	0.75	0.008855	0.000045	-0.000045	0.00105186	-0.00105186
0.75	0.65	0.85	0.007947	0.000042	-0.000042	0.000944106	-0.000944106
0.85	0.75	0.95	0.0067	0.000037	-0.000037	0.000795978	-0.000795978
0.95	0.85	1.05	0.005316	0.000032	-0.000032	0.000631493	-0.000631493
1.05	0.95	1.15	0.004135	0.000027	-0.000027	0.000497098	-0.000497098
1.15	1.05	1.25	0.003192	0.000023	-0.000023	0.000383714	-0.000383714
1.25	1.15	1.35	0.002311	0.000019	-0.000019	0.0002778	-0.0002778
1.35	1.25	1.45	0.001814	0.000017	-0.000017	0.000218056	-0.000218056
1.45	1.35	1.55	0.00126	0.000013	-0.000013	0.000151458	-0.000151458
1.55	1.45	1.65	0.000908	0.000011	-0.000011	0.000130939	-0.000130939
1.65	1.55	1.75	0.000685	0.000009	-0.000009	9.88495E-05	-9.88495E-05
1.75	1.65	1.85	0.00049	0.000007	-0.000007	7.07376E-05	-7.07376E-05
1.85	1.75	1.95	0.000349	0.000006	-0.000006	0.00005041	-0.00005041
1.95	1.85	2.05	0.000258	0.000005	-0.000005	3.71624E-05	-3.71624E-05
2.1	1.9	2.3	0.000171	0.000003	-0.000003	2.61406E-05	-2.61406E-05
2.3	2.1	2.5	0.000097	0.000002	-0.000002	1.48333E-05	-1.48333E-05
2.5	2.3	2.7	0.000058	0.000001	-0.000001	8.8639E-06	-8.8639E-06
2.7	2.5	2.9	0.000036	0.000001	-0.000001	0.000005474	-0.000005474
							
centrality	20	40	4	0			
pt	ptlow	pthigh	inv.yield	stat +	stat -	sys +	sys -
0.55	0.45	0.65	0.009422	0.000096	-0.000096	0.00111926	-0.00111926
0.65	0.55	0.75	0.010095	0.000096	-0.000096	0.00119923	-0.00119923
0.75	0.65	0.85	0.008987	0.000088	-0.000088	0.00106756	-0.00106756
0.85	0.75	0.95	0.007659	0.000079	-0.000079	0.00090986	-0.00090986
0.95	0.85	1.05	0.006054	0.000068	-0.000068	0.00071919	-0.00071919
1.05	0.95	1.15	0.004635	0.000057	-0.000057	0.00055717	-0.00055717
1.15	1.05	1.25	0.003676	0.000049	-0.000049	0.00044191	-0.00044191
1.25	1.15	1.35	0.002589	0.00004	-0.00004	0.00031123	-0.00031123
1.35	1.25	1.45	0.002026	0.000035	-0.000035	0.00024351	-0.00024351
1.45	1.35	1.55	0.001408	0.000027	-0.000027	0.00016922	-0.00016922
1.55	1.45	1.65	0.001007	0.000022	-0.000022	0.00014529	-0.00014529
1.65	1.55	1.75	0.000768	0.000019	-0.000019	0.00011082	-0.00011082
1.75	1.65	1.85	0.000543	0.000015	-0.000015	0.00007833	-0.00007833
1.85	1.75	1.95	0.000386	0.000012	-0.000012	0.00005564	-0.00005564
1.95	1.85	2.05	0.000285	0.00001	-0.00001	0.0000411	-0.0000411
2.1	1.9	2.3	0.000191	0.000006	-0.000006	0.0000291	-0.0000291
2.3	2.1	2.5	0.000107	0.000004	-0.000004	0.00001642	-0.00001642
2.5	2.3	2.7	0.000065	0.000003	-0.000003	0.00000997	-0.00000997
2.7	2.5	2.9	0.00004	0.000002	-0.000002	0.00000608	-0.00000608
							
centrality	40	72	3	0			
pt	ptlow	pthigh	inv.yield	stat +	stat -	sys +	sys -
0.55	0.45	0.65	0.007818	0.000066	-0.000066	0.0009287	-0.0009287
0.65	0.55	0.75	0.008325	0.000066	-0.000066	0.0009889	-0.0009889
0.75	0.65	0.85	0.007219	0.00006	-0.00006	0.0008576	-0.0008576
0.85	0.75	0.95	0.006083	0.000053	-0.000053	0.0007226	-0.0007226
0.95	0.85	1.05	0.004748	0.000045	-0.000045	0.000564	-0.000564
1.05	0.95	1.15	0.00358	0.000038	-0.000038	0.0004303	-0.0004303
1.15	1.05	1.25	0.002766	0.000032	-0.000032	0.0003325	-0.0003325
1.25	1.15	1.35	0.001944	0.000026	-0.000026	0.0002337	-0.0002337
1.35	1.25	1.45	0.001514	0.000023	-0.000023	0.000182	-0.000182
1.45	1.35	1.55	0.001023	0.000018	-0.000018	0.000123	-0.000123
1.55	1.45	1.65	0.00071	0.000014	-0.000014	0.0001024	-0.0001024
1.65	1.55	1.75	0.000552	0.000012	-0.000012	0.0000796	-0.0000796
1.75	1.65	1.85	0.000394	0.00001	-0.00001	0.0000568	-0.0000568
1.85	1.75	1.95	0.000279	0.000008	-0.000008	0.0000402	-0.0000402
1.95	1.85	2.05	0.000198	0.000007	-0.000007	0.0000285	-0.0000285
2.1	1.9	2.3	0.000133	0.000004	-0.000004	0.0000203	-0.0000203
2.3	2.1	2.5	0.000077	0.000003	-0.000003	0.0000117	-0.0000117
2.5	2.3	2.7	0.000047	0.000002	-0.000002	0.0000072	-0.0000072
2.7	2.5	2.9	0.000029	0.000001	-0.000001	0.0000044	-0.0000044
