centrality	0	5	687.4	0			
pt	ptlow	pthigh	inv.yield	stat +	stat -	sys +	sys -
0.25	0.2	0.3	329	0	0	2.7	-2.7
0.35	0.3	0.4	197	0	0	1.6	-1.6
0.45	0.4	0.5	120	0	0	1.1	-1.1
0.55	0.5	0.6	72.6	0	0	0.67	-0.67
0.65	0.6	0.7	44.9	0	0	0.45	-0.45
0.75	0.7	0.8	29.3	0	0	0.33	-0.33
0.85	0.8	0.9	18.2	0	0	0.22	-0.22
0.95	0.9	1	12.1	0	0	0.16	-0.16
1.05	1	1.1	7.96	0	0	0.11	-0.11
1.15	1.1	1.2	5.32	0	0	0.08	-0.08
1.25	1.2	1.3	3.55	0	0	0.057	-0.057
1.35	1.3	1.4	2.55	0	0	0.045	-0.045
1.45	1.4	1.5	1.72	0	0	0.033	-0.033
1.55	1.5	1.6	1.13	0	0	0.023	-0.023
1.65	1.6	1.7	0.805	0	0	0.018	-0.018
1.75	1.7	1.8	0.57	0	0	0.014	-0.014
1.85	1.8	1.9	0.418	0	0	0.012	-0.012
1.95	1.9	2	0.28	0	0	0.009	-0.009
2.05	2	2.1	0.209	0	0	0.0061	-0.0061
2.15	2.1	2.2	0.136	0	0	0.0048	-0.0048
2.25	2.2	2.3	0.091	0	0	0.0038	-0.0038
2.35	2.3	2.4	0.072	0	0	0.0036	-0.0036
2.45	2.4	2.5	0.054	0	0	0.0032	-0.0032
2.55	2.5	2.6	0.0378	0	0	0.0028	-0.0028
2.65	2.6	2.7	0.0265	0	0	0.0025	-0.0025
2.75	2.7	2.8	0.0227	0	0	0.0025	-0.0025
2.85	2.8	2.9	0.0128	0	0	0.0019	-0.0019
2.95	2.9	3	0.0103	0	0	0.0018	-0.0018
							
centrality	5	10	560.4	0			
pt	ptlow	pthigh	inv.yield	stat +	stat -	sys +	sys -
0.25	0.2	0.3	276	0	0	2.3	-2.3
0.35	0.3	0.4	164	0	0	1.4	-1.4
0.45	0.4	0.5	99.3	0	0	0.87	-0.87
0.55	0.5	0.6	60.2	0	0	0.56	-0.56
0.65	0.6	0.7	37.4	0	0	0.38	-0.38
0.75	0.7	0.8	24.3	0	0	0.27	-0.27
0.85	0.8	0.9	15.3	0	0	0.18	-0.18
0.95	0.9	1	10.1	0	0	0.13	-0.13
1.05	1	1.1	6.56	0	0	0.093	-0.093
1.15	1.1	1.2	4.47	0	0	0.068	-0.068
1.25	1.2	1.3	2.99	0	0	0.049	-0.049
1.35	1.3	1.4	2.15	0	0	0.039	-0.039
1.45	1.4	1.5	1.45	0	0	0.028	-0.028
1.55	1.5	1.6	0.936	0	0	0.02	-0.02
1.65	1.6	1.7	0.668	0	0	0.016	-0.016
1.75	1.7	1.8	0.484	0	0	0.013	-0.013
1.85	1.8	1.9	0.342	0	0	0.01	-0.01
1.95	1.9	2	0.25	0	0	0.0083	-0.0083
2.05	2	2.1	0.182	0	0	0.0056	-0.0056
2.15	2.1	2.2	0.127	0	0	0.0046	-0.0046
2.25	2.2	2.3	0.0806	0	0	0.0035	-0.0035
2.35	2.3	2.4	0.0628	0	0	0.0033	-0.0033
2.45	2.4	2.5	0.0457	0	0	0.0029	-0.0029
2.55	2.5	2.6	0.0359	0	0	0.0027	-0.0027
2.65	2.6	2.7	0.025	0	0	0.0024	-0.0024
2.75	2.7	2.8	0.0219	0	0	0.0024	-0.0024
2.85	2.8	2.9	0.0121	0	0	0.0018	-0.0018
2.95	2.9	3	0.0108	0	0	0.0018	-0.0018
							
centrality	10	15	456.8	0			
pt	ptlow	pthigh	inv.yield	stat +	stat -	sys +	sys -
0.25	0.2	0.3	239	0	0	2	-2
0.35	0.3	0.4	139	0	0	1.2	-1.2
0.45	0.4	0.5	84.1	0	0	0.74	-0.74
0.55	0.5	0.6	50.8	0	0	0.47	-0.47
0.65	0.6	0.7	31.6	0	0	0.32	-0.32
0.75	0.7	0.8	20.5	0	0	0.23	-0.23
0.85	0.8	0.9	12.9	0	0	0.16	-0.16
0.95	0.9	1	8.56	0	0	0.11	-0.11
1.05	1	1.1	5.56	0	0	0.08	-0.08
1.15	1.1	1.2	3.72	0	0	0.057	-0.057
1.25	1.2	1.3	2.51	0	0	0.042	-0.042
1.35	1.3	1.4	1.81	0	0	0.033	-0.033
1.45	1.4	1.5	1.23	0	0	0.025	-0.025
1.55	1.5	1.6	0.793	0	0	0.017	-0.017
1.65	1.6	1.7	0.578	0	0	0.014	-0.014
1.75	1.7	1.8	0.419	0	0	0.011	-0.011
1.85	1.8	1.9	0.299	0	0	0.0091	-0.0091
1.95	1.9	2	0.207	0	0	0.0073	-0.0073
2.05	2	2.1	0.156	0	0	0.005	-0.005
2.15	2.1	2.2	0.105	0	0	0.0041	-0.0041
2.25	2.2	2.3	0.0805	0	0	0.0035	-0.0035
2.35	2.3	2.4	0.0578	0	0	0.0031	-0.0031
2.45	2.4	2.5	0.0406	0	0	0.0027	-0.0027
2.55	2.5	2.6	0.0318	0	0	0.0025	-0.0025
2.65	2.6	2.7	0.0244	0	0	0.0023	-0.0023
2.75	2.7	2.8	0.0183	0	0	0.0021	-0.0021
2.85	2.8	2.9	0.013	0	0	0.0018	-0.0018
2.95	2.9	3	0.0104	0	0	0.0018	-0.0018
							
centrality	15	20	371.5	0			
pt	ptlow	pthigh	inv.yield	stat +	stat -	sys +	sys -
0.25	0.2	0.3	204	0	0	1.7	-1.7
0.35	0.3	0.4	118	0	0	0.99	-0.99
0.45	0.4	0.5	70.9	0	0	0.62	-0.62
0.55	0.5	0.6	42.8	0	0	0.4	-0.4
0.65	0.6	0.7	26.5	0	0	0.27	-0.27
0.75	0.7	0.8	17.3	0	0	0.2	-0.2
0.85	0.8	0.9	10.7	0	0	0.13	-0.13
0.95	0.9	1	7.12	0	0	0.096	-0.096
1.05	1	1.1	4.77	0	0	0.069	-0.069
1.15	1.1	1.2	3.16	0	0	0.05	-0.05
1.25	1.2	1.3	2.1	0	0	0.036	-0.036
1.35	1.3	1.4	1.52	0	0	0.029	-0.029
1.45	1.4	1.5	1.05	0	0	0.022	-0.022
1.55	1.5	1.6	0.678	0	0	0.015	-0.015
1.65	1.6	1.7	0.493	0	0	0.012	-0.012
1.75	1.7	1.8	0.36	0	0	0.01	-0.01
1.85	1.8	1.9	0.256	0	0	0.0082	-0.0082
1.95	1.9	2	0.178	0	0	0.0066	-0.0066
2.05	2	2.1	0.135	0	0	0.0046	-0.0046
2.15	2.1	2.2	0.102	0	0	0.004	-0.004
2.25	2.2	2.3	0.0665	0	0	0.0031	-0.0031
2.35	2.3	2.4	0.0543	0	0	0.003	-0.003
2.45	2.4	2.5	0.0397	0	0	0.0026	-0.0026
2.55	2.5	2.6	0.0288	0	0	0.0024	-0.0024
2.65	2.6	2.7	0.0221	0	0	0.0022	-0.0022
2.75	2.7	2.8	0.0158	0	0	0.002	-0.002
2.85	2.8	2.9	0.0137	0	0	0.0019	-0.0019
2.95	2.9	3	0.0108	0	0	0.0018	-0.0018
							
centrality	20	30	274	0			
pt	ptlow	pthigh	inv.yield	stat +	stat -	sys +	sys -
0.25	0.2	0.3	157	0	0	1.3	-1.3
0.35	0.3	0.4	88.2	0	0	0.74	-0.74
0.45	0.4	0.5	52.7	0	0	0.46	-0.46
0.55	0.5	0.6	31.7	0	0	0.29	-0.29
0.65	0.6	0.7	19.5	0	0	0.2	-0.2
0.75	0.7	0.8	12.7	0	0	0.14	-0.14
0.85	0.8	0.9	7.94	0	0	0.095	-0.095
0.95	0.9	1	5.31	0	0	0.07	-0.07
1.05	1	1.1	3.49	0	0	0.049	-0.049
1.15	1.1	1.2	2.34	0	0	0.035	-0.035
1.25	1.2	1.3	1.56	0	0	0.025	-0.025
1.35	1.3	1.4	1.12	0	0	0.02	-0.02
1.45	1.4	1.5	0.757	0	0	0.015	-0.015
1.55	1.5	1.6	0.507	0	0	0.01	-0.01
1.65	1.6	1.7	0.367	0	0	0.0083	-0.0083
1.75	1.7	1.8	0.267	0	0	0.0067	-0.0067
1.85	1.8	1.9	0.192	0	0	0.0053	-0.0053
1.95	1.9	2	0.138	0	0	0.0043	-0.0043
2.05	2	2.1	0.1	0	0	0.0029	-0.0029
2.15	2.1	2.2	0.0741	0	0	0.0024	-0.0024
2.25	2.2	2.3	0.0516	0	0	0.002	-0.002
2.35	2.3	2.4	0.0412	0	0	0.0019	-0.0019
2.45	2.4	2.5	0.0328	0	0	0.0017	-0.0017
2.55	2.5	2.6	0.0241	0	0	0.0015	-0.0015
2.65	2.6	2.7	0.0185	0	0	0.0014	-0.0014
2.75	2.7	2.8	0.0155	0	0	0.0014	-0.0014
2.85	2.8	2.9	0.0103	0	0	0.0011	-0.0011
2.95	2.9	3	0.00932	0	0	0.0012	-0.0012
							
centrality	30	40	176.8	0			
pt	ptlow	pthigh	inv.yield	stat +	stat -	sys +	sys -
0.25	0.2	0.3	107	0	0	0.89	-0.89
0.35	0.3	0.4	58.6	0	0	0.49	-0.49
0.45	0.4	0.5	34.6	0	0	0.3	-0.3
0.55	0.5	0.6	20.6	0	0	0.19	-0.19
0.65	0.6	0.7	12.6	0	0	0.13	-0.13
0.75	0.7	0.8	8.29	0	0	0.094	-0.094
0.85	0.8	0.9	5.1	0	0	0.063	-0.063
0.95	0.9	1	3.38	0	0	0.046	-0.046
1.05	1	1.1	2.22	0	0	0.032	-0.032
1.15	1.1	1.2	1.5	0	0	0.024	-0.024
1.25	1.2	1.3	0.999	0	0	0.017	-0.017
1.35	1.3	1.4	0.717	0	0	0.014	-0.014
1.45	1.4	1.5	0.498	0	0	0.01	-0.01
1.55	1.5	1.6	0.324	0	0	0.0074	-0.0074
1.65	1.6	1.7	0.231	0	0	0.0059	-0.0059
1.75	1.7	1.8	0.169	0	0	0.0049	-0.0049
1.85	1.8	1.9	0.122	0	0	0.0039	-0.0039
1.95	1.9	2	0.088	0	0	0.0033	-0.0033
2.05	2	2.1	0.0667	0	0	0.0023	-0.0023
2.15	2.1	2.2	0.049	0	0	0.0019	-0.0019
2.25	2.2	2.3	0.0358	0	0	0.0016	-0.0016
2.35	2.3	2.4	0.0284	0	0	0.0015	-0.0015
2.45	2.4	2.5	0.0227	0	0	0.0014	-0.0014
2.55	2.5	2.6	0.017	0	0	0.0013	-0.0013
2.65	2.6	2.7	0.014	0	0	0.0012	-0.0012
2.75	2.7	2.8	0.012	0	0	0.0012	-0.0012
2.85	2.8	2.9	0.00769	0	0	0.00097	-0.00097
2.95	2.9	3	0.00639	0	0	0.00096	-0.00096
							
centrality	40	50	109.4	0			
pt	ptlow	pthigh	inv.yield	stat +	stat -	sys +	sys -
0.25	0.2	0.3	68.4	0	0	0.57	-0.57
0.35	0.3	0.4	36.7	0	0	0.31	-0.31
0.45	0.4	0.5	21.5	0	0	0.19	-0.19
0.55	0.5	0.6	12.6	0	0	0.12	-0.12
0.65	0.6	0.7	7.66	0	0	0.08	-0.08
0.75	0.7	0.8	4.99	0	0	0.058	-0.058
0.85	0.8	0.9	3.04	0	0	0.039	-0.039
0.95	0.9	1	2.02	0	0	0.029	-0.029
1.05	1	1.1	1.3	0	0	0.02	-0.02
1.15	1.1	1.2	0.878	0	0	0.015	-0.015
1.25	1.2	1.3	0.598	0	0	0.011	-0.011
1.35	1.3	1.4	0.426	0	0	0.009	-0.009
1.45	1.4	1.5	0.291	0	0	0.0069	-0.0069
1.55	1.5	1.6	0.197	0	0	0.0052	-0.0052
1.65	1.6	1.7	0.142	0	0	0.0042	-0.0042
1.75	1.7	1.8	0.103	0	0	0.0035	-0.0035
1.85	1.8	1.9	0.0729	0	0	0.0028	-0.0028
1.95	1.9	2	0.058	0	0	0.0025	-0.0025
2.05	2	2.1	0.0413	0	0	0.0017	-0.0017
2.15	2.1	2.2	0.0292	0	0	0.0014	-0.0014
2.25	2.2	2.3	0.0209	0	0	0.0012	-0.0012
2.35	2.3	2.4	0.0187	0	0	0.0012	-0.0012
2.45	2.4	2.5	0.0121	0	0	0.00098	-0.00098
2.55	2.5	2.6	0.0111	0	0	0.001	-0.001
2.65	2.6	2.7	0.00892	0	0	0.00095	-0.00095
2.75	2.7	2.8	0.0078	0	0	0.00095	-0.00095
2.85	2.8	2.9	0.0058	0	0	0.00083	-0.00083
2.95	2.9	3	0.00449	0	0	0.00079	-0.00079
							
centrality	50	60	61.6	0			
pt	ptlow	pthigh	inv.yield	stat +	stat -	sys +	sys -
0.25	0.2	0.3	41	0	0	0.34	-0.34
0.35	0.3	0.4	21.7	0	0	0.19	-0.19
0.45	0.4	0.5	12.4	0	0	0.11	-0.11
0.55	0.5	0.6	7.2	0	0	0.07	-0.07
0.65	0.6	0.7	4.33	0	0	0.047	-0.047
0.75	0.7	0.8	2.78	0	0	0.034	-0.034
0.85	0.8	0.9	1.67	0	0	0.023	-0.023
0.95	0.9	1	1.11	0	0	0.017	-0.017
1.05	1	1.1	0.711	0	0	0.012	-0.012
1.15	1.1	1.2	0.471	0	0	0.0092	-0.0092
1.25	1.2	1.3	0.314	0	0	0.0069	-0.0069
1.35	1.3	1.4	0.231	0	0	0.0058	-0.0058
1.45	1.4	1.5	0.159	0	0	0.0046	-0.0046
1.55	1.5	1.6	0.102	0	0	0.0034	-0.0034
1.65	1.6	1.7	0.0747	0	0	0.0028	-0.0028
1.75	1.7	1.8	0.056	0	0	0.0024	-0.0024
1.85	1.8	1.9	0.038	0	0	0.002	-0.002
1.95	1.9	2	0.0286	0	0	0.0017	-0.0017
2.05	2	2.1	0.0226	0	0	0.0012	-0.0012
2.15	2.1	2.2	0.016	0	0	0.001	-0.001
2.25	2.2	2.3	0.0113	0	0	0.00086	-0.00086
2.35	2.3	2.4	0.00973	0	0	0.00085	-0.00085
2.45	2.4	2.5	0.00773	0	0	0.00078	-0.00078
2.55	2.5	2.6	0.00577	0	0	0.00072	-0.00072
2.65	2.6	2.7	0.00448	0	0	0.00067	-0.00067
2.75	2.7	2.8	0.00384	0	0	0.00067	-0.00067
2.85	2.8	2.9	0.0023	0	0	0.00052	-0.00052
2.95	2.9	3	0.00216	0	0	0.00055	-0.00055
							
centrality	60	70	32	0			
pt	ptlow	pthigh	inv.yield	stat +	stat -	sys +	sys -
0.25	0.2	0.3	21.9	0	0	0.19	-0.19
0.35	0.3	0.4	11.3	0	0	0.1	-0.1
0.45	0.4	0.5	6.37	0	0	0.06	-0.06
0.55	0.5	0.6	3.65	0	0	0.038	-0.038
0.65	0.6	0.7	2.18	0	0	0.026	-0.026
0.75	0.7	0.8	1.36	0	0	0.019	-0.019
0.85	0.8	0.9	0.836	0	0	0.013	-0.013
0.95	0.9	1	0.529	0	0	0.0096	-0.0096
1.05	1	1.1	0.351	0	0	0.0073	-0.0073
1.15	1.1	1.2	0.221	0	0	0.0054	-0.0054
1.25	1.2	1.3	0.151	0	0	0.0043	-0.0043
1.35	1.3	1.4	0.11	0	0	0.0036	-0.0036
1.45	1.4	1.5	0.0717	0	0	0.0028	-0.0028
1.55	1.5	1.6	0.0472	0	0	0.0022	-0.0022
1.65	1.6	1.7	0.035	0	0	0.0018	-0.0018
1.75	1.7	1.8	0.0263	0	0	0.0016	-0.0016
1.85	1.8	1.9	0.0192	0	0	0.0013	-0.0013
1.95	1.9	2	0.0141	0	0	0.0012	-0.0012
2.05	2	2.1	0.0112	0	0	0.00084	-0.00084
2.15	2.1	2.2	0.00673	0	0	0.00066	-0.00066
2.25	2.2	2.3	0.00546	0	0	0.00059	-0.00059
2.35	2.3	2.4	0.00442	0	0	0.00057	-0.00057
2.45	2.4	2.5	0.00327	0	0	0.0005	-0.0005
2.55	2.5	2.6	0.00338	0	0	0.00055	-0.00055
2.65	2.6	2.7	0.00282	0	0	0.00052	-0.00052
2.75	2.7	2.8	0.00172	0	0	0.00044	-0.00044
2.85	2.8	2.9	0.00135	0	0	0.0004	-0.0004
2.95	2.9	3	0.00116	0	0	0.0004	-0.0004
							
centrality	70	80	16	0			
pt	ptlow	pthigh	inv.yield	stat +	stat -	sys +	sys -
0.25	0.2	0.3	10.3	0	0	0.092	-0.092
0.35	0.3	0.4	5.27	0	0	0.05	-0.05
0.45	0.4	0.5	2.95	0	0	0.031	-0.031
0.55	0.5	0.6	1.62	0	0	0.019	-0.019
0.65	0.6	0.7	0.963	0	0	0.013	-0.013
0.75	0.7	0.8	0.591	0	0	0.0099	-0.0099
0.85	0.8	0.9	0.353	0	0	0.0071	-0.0071
0.95	0.9	1	0.222	0	0	0.0054	-0.0054
1.05	1	1.1	0.141	0	0	0.0041	-0.0041
1.15	1.1	1.2	0.101	0	0	0.0034	-0.0034
1.25	1.2	1.3	0.0606	0	0	0.0025	-0.0025
1.35	1.3	1.4	0.0425	0	0	0.0021	-0.0021
1.45	1.4	1.5	0.0304	0	0	0.0018	-0.0018
1.55	1.5	1.6	0.0189	0	0	0.0013	-0.0013
1.65	1.6	1.7	0.0152	0	0	0.0012	-0.0012
1.75	1.7	1.8	0.0103	0	0	0.001	-0.001
1.85	1.8	1.9	0.00804	0	0	0.00087	-0.00087
1.95	1.9	2	0.00606	0	0	0.00076	-0.00076
2.05	2	2.1	0.00434	0	0	0.00053	-0.00053
2.15	2.1	2.2	0.00309	0	0	0.00045	-0.00045
2.25	2.2	2.3	0.00243	0	0	0.0004	-0.0004
2.35	2.3	2.4	0.00198	0	0	0.00039	-0.00039
2.45	2.4	2.5	0.0013	0	0	0.00032	-0.00032
2.55	2.5	2.6	0.00117	0	0	0.00033	-0.00033
2.65	2.6	2.7	0.00057	0	0	0.00024	-0.00024
2.75	2.7	2.8	0.000851	0	0	0.00032	-0.00032
2.85	2.8	2.9	0.000679	0	0	0.00029	-0.00029
2.95	2.9	3	0.000288	0	0	0.0002	-0.0002
							
centrality	80	92	7	0			
pt	ptlow	pthigh	inv.yield	stat +	stat -	sys +	sys -
0.25	0.2	0.3	5.2	0	0	0.05	-0.05
0.35	0.3	0.4	2.75	0	0	0.028	-0.028
0.45	0.4	0.5	1.49	0	0	0.018	-0.018
0.55	0.5	0.6	0.82	0	0	0.011	-0.011
0.65	0.6	0.7	0.472	0	0	0.0081	-0.0081
0.75	0.7	0.8	0.269	0	0	0.0059	-0.0059
0.85	0.8	0.9	0.163	0	0	0.0044	-0.0044
0.95	0.9	1	0.102	0	0	0.0034	-0.0034
1.05	1	1.1	0.0651	0	0	0.0026	-0.0026
1.15	1.1	1.2	0.0448	0	0	0.0022	-0.0022
1.25	1.2	1.3	0.0263	0	0	0.0016	-0.0016
1.35	1.3	1.4	0.0207	0	0	0.0015	-0.0015
1.45	1.4	1.5	0.013	0	0	0.0011	-0.0011
1.55	1.5	1.6	0.00848	0	0	0.00088	-0.00088
1.65	1.6	1.7	0.007	0	0	0.00081	-0.00081
1.75	1.7	1.8	0.00537	0	0	0.00071	-0.00071
1.85	1.8	1.9	0.00387	0	0	0.0006	-0.0006
1.95	1.9	2	0.00226	0	0	0.00046	-0.00046
2.05	2	2.1	0.00156	0	0	0.00031	-0.00031
2.15	2.1	2.2	0.00123	0	0	0.00028	-0.00028
2.25	2.2	2.3	0.000848	0	0	0.00023	-0.00023
2.35	2.3	2.4	0.000816	0	0	0.00025	-0.00025
2.45	2.4	2.5	0.000319	0	0	0.00016	-0.00016
2.55	2.5	2.6	0.000592	0	0	0.00023	-0.00023
2.65	2.6	2.7	0.000337	0	0	0.00018	-0.00018
2.75	2.7	2.8	0.000422	0	0	0.00022	-0.00022
2.85	2.8	2.9	0.000165	0	0	0.00014	-0.00014
2.95	2.9	3	0.00019	0	0	0.00016	-0.00016
