centrality	0	20  16.4    1.2					
pt	ptlow	pthigh	inv.yield	stat +	stat -	sys +	sys -
0.55	0.5	0.6	1.53834	0.0204508	-0.0204508	0.1230672	-0.1230672
0.65	0.6	0.7	0.997427	0.0125284	-0.0125284	0.07979416	-0.07979416
0.75	0.7	0.8	0.657201	0.00803218	-0.00803218	0.05257608	-0.05257608
0.85	0.8	0.9	0.432589	0.00512919	-0.00512919	0.03460712	-0.03460712
0.95	0.9	1	0.281464	0.00329562	-0.00329562	0.02251712	-0.02251712
1.05	1	1.1	0.192231	0.00223756	-0.00223756	0.01537848	-0.01537848
1.15	1.1	1.2	0.1334	0.00157468	-0.00157468	0.010672	-0.010672
1.25	1.2	1.3	0.0949165	0.00113391	-0.00113391	0.00759332	-0.00759332
1.35	1.3	1.4	0.0668368	0.000800019	-0.000800019	0.005346944	-0.005346944
1.45	1.4	1.5	0.0469316	0.000559161	-0.000559161	0.003754528	-0.003754528
1.55	1.5	1.6	0.0339325	0.000408552	-0.000408552	0.0027146	-0.0027146
1.65	1.6	1.7	0.0250613	0.00030709	-0.00030709	0.002004904	-0.002004904
1.75	1.7	1.8	0.0183284	0.000227659	-0.000227659	0.001466272	-0.001466272
1.85	1.8	1.9	0.0135695	0.000170571	-0.000170571	0.00108556	-0.00108556
1.95	1.9	2	0.0103745	0.000133496	-0.000133496	0.00082996	-0.00082996
2.1	2	2.2	0.00681016	6.48E-05	-6.48E-05	0.000544813	-0.000544813
2.3	2.2	2.4	0.00393848	4.00E-05	-4.00E-05	0.000315078	-0.000315078
2.5	2.4	2.6	0.0023551	2.71E-05	-2.71E-05	0.000188408	-0.000188408
2.7	2.6	2.8	0.0015047	2.06E-05	-2.06E-05	0.000120376	-0.000120376
2.9	2.8	3	0.000940335	1.55E-05	-1.55E-05	7.52E-05	-7.52E-05
3.25	3	3.5	0.000439285	6.74E-06	-6.74E-06	3.95E-05	-3.95E-05
3.75	3.5	4	0.000158563	4.41E-06	-4.41E-06	1.43E-05	-1.43E-05
4.25	4	4.5	6.07E-05	3.04E-06	-3.04E-06	5.47E-06	-5.47E-06
4.75	4.5	5	2.72E-05	2.22E-06	-2.22E-06	2.45E-06	-2.45E-06
							
centrality	0	100 9.5 1.0					
pt	ptlow	pthigh	inv.yield	stat +	stat -	sys +	sys -
0.55	0.5	0.6	0.836649	0.011105	-0.011105	0.06693192	-0.06693192
0.65	0.6	0.7	0.533231	0.00668212	-0.00668212	0.04265848	-0.04265848
0.75	0.7	0.8	0.346108	0.00421606	-0.00421606	0.02768864	-0.02768864
0.85	0.8	0.9	0.225394	0.00266095	-0.00266095	0.01803152	-0.01803152
0.95	0.9	1	0.145607	0.00169499	-0.00169499	0.01164856	-0.01164856
1.05	1	1.1	0.0990708	0.00114457	-0.00114457	0.007925664	-0.007925664
1.15	1.1	1.2	0.0680438	0.000795305	-0.000795305	0.005443504	-0.005443504
1.25	1.2	1.3	0.0480548	0.000566864	-0.000566864	0.003844384	-0.003844384
1.35	1.3	1.4	0.0336759	0.000396584	-0.000396584	0.002694072	-0.002694072
1.45	1.4	1.5	0.0235481	0.000274716	-0.000274716	0.001883848	-0.001883848
1.55	1.5	1.6	0.0169516	0.00019864	-0.00019864	0.001356128	-0.001356128
1.65	1.6	1.7	0.0125462	0.000148657	-0.000148657	0.001003696	-0.001003696
1.75	1.7	1.8	0.00914828	0.000108879	-0.000108879	0.000731862	-0.000731862
1.85	1.8	1.9	0.00674558	8.05E-05	-8.05E-05	0.000539646	-0.000539646
1.95	1.9	2	0.00510326	6.17E-05	-6.17E-05	0.000408261	-0.000408261
2.1	2	2.2	0.00335378	2.94E-05	-2.94E-05	0.000268302	-0.000268302
2.3	2.2	2.4	0.00193474	1.75E-05	-1.75E-05	0.000154779	-0.000154779
2.5	2.4	2.6	0.001144	1.13E-05	-1.13E-05	9.15E-05	-9.15E-05
2.7	2.6	2.8	0.000725831	8.22E-06	-8.22E-06	5.81E-05	-5.81E-05
2.9	2.8	3	0.000440794	5.82E-06	-5.82E-06	3.53E-05	-3.53E-05
3.25	3	3.5	0.000207302	2.41E-06	-2.41E-06	1.87E-05	-1.87E-05
3.75	3.5	4	7.31E-05	1.47E-06	-1.47E-06	6.58E-06	-6.58E-06
4.25	4	4.5	2.84E-05	9.85E-07	-9.85E-07	2.55E-06	-2.55E-06
4.75	4.5	5	1.35E-05	7.61E-07	-7.61E-07	1.21E-06	-1.21E-06
							
centrality	20	40  12.2    0.9					
pt	ptlow	pthigh	inv.yield	stat +	stat -	sys +	sys -
0.55	0.5	0.6	1.15298	0.0153542	-0.0153542	0.0922384	-0.0922384
0.65	0.6	0.7	0.736982	0.00927553	-0.00927553	0.05895856	-0.05895856
0.75	0.7	0.8	0.479127	0.00586884	-0.00586884	0.03833016	-0.03833016
0.85	0.8	0.9	0.313982	0.00373564	-0.00373564	0.02511856	-0.02511856
0.95	0.9	1	0.203622	0.00239557	-0.00239557	0.01628976	-0.01628976
1.05	1	1.1	0.138895	0.00162627	-0.00162627	0.0111116	-0.0111116
1.15	1.1	1.2	0.0953884	0.00113552	-0.00113552	0.007631072	-0.007631072
1.25	1.2	1.3	0.0672291	0.00081162	-0.00081162	0.005378328	-0.005378328
1.35	1.3	1.4	0.0472939	0.000573877	-0.000573877	0.003783512	-0.003783512
1.45	1.4	1.5	0.0333462	0.000404204	-0.000404204	0.002667696	-0.002667696
1.55	1.5	1.6	0.0240774	0.000296564	-0.000296564	0.001926192	-0.001926192
1.65	1.6	1.7	0.0178941	0.000225304	-0.000225304	0.001431528	-0.001431528
1.75	1.7	1.8	0.0129561	0.000166581	-0.000166581	0.001036488	-0.001036488
1.85	1.8	1.9	0.00967308	0.000126592	-0.000126592	0.000773846	-0.000773846
1.95	1.9	2	0.00717775	9.71E-05	-9.71E-05	0.00057422	-0.00057422
2.1	2	2.2	0.00472823	4.80E-05	-4.80E-05	0.000378258	-0.000378258
2.3	2.2	2.4	0.00273368	3.04E-05	-3.04E-05	0.000218694	-0.000218694
2.5	2.4	2.6	0.0016236	2.09E-05	-2.09E-05	0.000129888	-0.000129888
2.7	2.6	2.8	0.0010337	1.61E-05	-1.61E-05	8.27E-05	-8.27E-05
2.9	2.8	3	0.000608676	1.19E-05	-1.19E-05	4.87E-05	-4.87E-05
3.25	3	3.5	0.000286554	5.34E-06	-5.34E-06	2.58E-05	-2.58E-05
3.75	3.5	4	9.72E-05	3.46E-06	-3.46E-06	8.74E-06	-8.74E-06
4.25	4	4.5	4.16E-05	2.62E-06	-2.62E-06	3.75E-06	-3.75E-06
4.75	4.5	5	2.10E-05	2.12E-06	-2.12E-06	1.89E-06	-1.89E-06
							
centrality	40	60  8.7 0.6					
pt	ptlow	pthigh	inv.yield	stat +	stat -	sys +	sys -
0.55	0.5	0.6	0.814546	0.0108805	-0.0108805	0.06516368	-0.06516368
0.65	0.6	0.7	0.512961	0.00647801	-0.00647801	0.04103688	-0.04103688
0.75	0.7	0.8	0.330053	0.00406446	-0.00406446	0.02640424	-0.02640424
0.85	0.8	0.9	0.212751	0.00254436	-0.00254436	0.01702008	-0.01702008
0.95	0.9	1	0.136217	0.00161431	-0.00161431	0.01089736	-0.01089736
1.05	1	1.1	0.0927361	0.00109673	-0.00109673	0.007418888	-0.007418888
1.15	1.1	1.2	0.0633767	0.000764724	-0.000764724	0.005070136	-0.005070136
1.25	1.2	1.3	0.0445208	0.000547124	-0.000547124	0.003561664	-0.003561664
1.35	1.3	1.4	0.0310785	0.000385955	-0.000385955	0.00248628	-0.00248628
1.45	1.4	1.5	0.0214664	0.000268099	-0.000268099	0.001717312	-0.001717312
1.55	1.5	1.6	0.0154165	0.000197206	-0.000197206	0.00123332	-0.00123332
1.65	1.6	1.7	0.0114326	0.000150793	-0.000150793	0.000914608	-0.000914608
1.75	1.7	1.8	0.00836185	0.000113764	-0.000113764	0.000668948	-0.000668948
1.85	1.8	1.9	0.00610311	8.56E-05	-8.56E-05	0.000488249	-0.000488249
1.95	1.9	2	0.00461789	6.79E-05	-6.79E-05	0.000369431	-0.000369431
2.1	2	2.2	0.00301503	3.38E-05	-3.38E-05	0.000241202	-0.000241202
2.3	2.2	2.4	0.00173497	2.20E-05	-2.20E-05	0.000138798	-0.000138798
2.5	2.4	2.6	0.00100926	1.52E-05	-1.52E-05	8.07E-05	-8.07E-05
2.7	2.6	2.8	0.000631516	1.19E-05	-1.19E-05	5.05E-05	-5.05E-05
2.9	2.8	3	0.000381946	9.03E-06	-9.03E-06	3.06E-05	-3.06E-05
3.25	3	3.5	0.000182503	4.24E-06	-4.24E-06	1.64E-05	-1.64E-05
3.75	3.5	4	6.17E-05	2.82E-06	-2.82E-06	5.55E-06	-5.55E-06
4.25	4	4.5	2.19E-05	1.79E-06	-1.79E-06	1.97E-06	-1.97E-06
4.75	4.5	5	1.10E-05	1.58E-06	-1.58E-06	9.89E-07	-9.89E-07
							
centrality	60	88  4.1 0.3					
pt	ptlow	pthigh	inv.yield	stat +	stat -	sys +	sys -
0.55	0.5	0.6	0.421665	0.00564231	-0.00564231	0.0337332	-0.0337332
0.65	0.6	0.7	0.258438	0.0032754	-0.0032754	0.02067504	-0.02067504
0.75	0.7	0.8	0.161664	0.00199926	-0.00199926	0.01293312	-0.01293312
0.85	0.8	0.9	0.101832	0.00122737	-0.00122737	0.00814656	-0.00814656
0.95	0.9	1	0.0645253	0.000774061	-0.000774061	0.005162024	-0.005162024
1.05	1	1.1	0.0430467	0.000516505	-0.000516505	0.003443736	-0.003443736
1.15	1.1	1.2	0.028734	0.00035398	-0.00035398	0.00229872	-0.00229872
1.25	1.2	1.3	0.0200181	0.000252501	-0.000252501	0.001601448	-0.001601448
1.35	1.3	1.4	0.0137327	0.000176677	-0.000176677	0.001098616	-0.001098616
1.45	1.4	1.5	0.00943817	0.000123471	-0.000123471	0.000755054	-0.000755054
1.55	1.5	1.6	0.00665262	9.02E-05	-9.02E-05	0.00053221	-0.00053221
1.65	1.6	1.7	0.00489423	6.94E-05	-6.94E-05	0.000391538	-0.000391538
1.75	1.7	1.8	0.00357555	5.31E-05	-5.31E-05	0.000286044	-0.000286044
1.85	1.8	1.9	0.00255058	3.98E-05	-3.98E-05	0.000204046	-0.000204046
1.95	1.9	2	0.00194814	3.23E-05	-3.23E-05	0.000155851	-0.000155851
2.1	2	2.2	0.00129224	1.66E-05	-1.66E-05	0.000103379	-0.000103379
2.3	2.2	2.4	0.000736546	1.11E-05	-1.11E-05	5.89E-05	-5.89E-05
2.5	2.4	2.6	0.000421713	7.79E-06	-7.79E-06	3.37E-05	-3.37E-05
2.7	2.6	2.8	0.000263136	6.20E-06	-6.20E-06	2.11E-05	-2.11E-05
2.9	2.8	3	0.000154412	4.69E-06	-4.69E-06	1.24E-05	-1.24E-05
3.25	3	3.5	7.26E-05	2.21E-06	-2.21E-06	6.54E-06	-6.54E-06
3.75	3.5	4	2.77E-05	1.62E-06	-1.62E-06	2.49E-06	-2.49E-06
4.25	4	4.5	9.86E-06	1.05E-06	-1.05E-06	8.88E-07	-8.88E-07
4.75	4.5	5	4.62E-06	8.43E-07	-8.43E-07	4.16E-07	-4.16E-07
