centrality	0	100	6.7	0			
pt	ptlow	pthigh	inv.yield	stat +	stat -	sys +	sys -
0.55	0.45	0.65	0.607404	0.00152115	-0.00152115	0	0
0.65	0.55	0.75	0.349299	0.00101943	-0.00101943	0	0
0.75	0.65	0.85	0.215148	0.000749773	-0.000749773	0	0
0.85	0.75	0.95	0.138246	0.000578775	-0.000578775	0	0
0.95	0.85	1.05	0.0887799	0.000454637	-0.000454637	0	0
1.05	0.95	1.15	0.0577068	0.000354704	-0.000354704	0	0
1.15	1.05	1.25	0.0401662	0.000292043	-0.000292043	0	0
1.25	1.15	1.35	0.0272717	0.000232777	-0.000232777	0	0
1.35	1.25	1.45	0.0189774	0.000184709	-0.000184709	0	0
1.5	1.3	1.7	0.011836	0.000139763	-0.000139763	0	0
1.7	1.5	1.9	0.00596767	9.09946E-05	-9.09946E-05	0	0
1.9	1.7	2.1	0.00339707	6.67395E-05	-6.67395E-05	0	0
2.1	1.9	2.3	0.00202061	5.07364E-05	-5.07364E-05	0	0
2.3	2.1	2.5	0.00116309	3.64315E-05	-3.64315E-05	0	0
2.5	2.3	2.7	0.000854286	3.24606E-05	-3.24606E-05	0	0
2.7	2.5	2.9	0.000454616	2.05666E-05	-2.05666E-05	0	0
2.9	2.7	3.1	0.00030946	1.64251E-05	-1.64251E-05	0	0
							
centrality	0	20	10.4	0			
pt	ptlow	pthigh	inv.yield	stat +	stat -	sys +	sys -
0.55	0.45	0.65	1.05837	0.00418566	-0.00418566	0	0
0.65	0.55	0.75	0.614793	0.00281926	-0.00281926	0	0
0.75	0.65	0.85	0.387205	0.00209674	-0.00209674	0	0
0.85	0.75	0.95	0.250804	0.00162504	-0.00162504	0	0
0.95	0.85	1.05	0.162607	0.00128259	-0.00128259	0	0
1.05	0.95	1.15	0.106393	0.00100397	-0.00100397	0	0
1.15	1.05	1.25	0.0756611	0.000835537	-0.000835537	0	0
1.25	1.15	1.35	0.0524323	0.000672818	-0.000672818	0	0
1.35	1.25	1.45	0.0366541	0.000535111	-0.000535111	0	0
1.5	1.3	1.7	0.0230085	0.000406313	-0.000406313	0	0
1.7	1.5	1.9	0.0113284	0.000261468	-0.000261468	0	0
1.9	1.7	2.1	0.00678418	0.000196393	-0.000196393	0	0
2.1	1.9	2.3	0.00403497	0.000149429	-0.000149429	0	0
2.3	2.1	2.5	0.0022395	0.000105294	-0.000105294	0	0
2.5	2.3	2.7	0.00170062	9.55677E-05	-9.55677E-05	0	0
2.7	2.5	2.9	0.000865886	5.92207E-05	-5.92207E-05	0	0
2.9	2.7	3.1	0.00058155	4.67961E-05	-4.67961E-05	0	0
							
centrality	0	5	12.3	0			
pt	ptlow	pthigh	inv.yield	stat +	stat -	sys +	sys -
0.55	0.45	0.65	1.29299	0.00207438	-0.00207438	0	0
0.65	0.55	0.75	0.755436	0.00140125	-0.00140125	0	0
0.75	0.65	0.85	0.480691	0.0010475	-0.0010475	0	0
0.85	0.75	0.95	0.30741	0.000806679	-0.000806679	0	0
0.95	0.85	1.05	0.204517	0.000644956	-0.000644956	0	0
1.05	0.95	1.15	0.135181	0.000507422	-0.000507422	0	0
1.15	1.05	1.25	0.0938009	0.000417136	-0.000417136	0	0
1.25	1.15	1.35	0.0641149	0.000333597	-0.000333597	0	0
1.35	1.25	1.45	0.0449369	0.000265662	-0.000265662	0	0
1.5	1.3	1.7	0.0285451	0.000202888	-0.000202888	0	0
1.7	1.5	1.9	0.0143222	0.000131716	-0.000131716	0	0
1.9	1.7	2.1	0.00819543	9.68343E-05	-9.68343E-05	0	0
2.1	1.9	2.3	0.0049422	7.41353E-05	-7.41353E-05	0	0
2.3	2.1	2.5	0.00286406	5.34132E-05	-5.34132E-05	0	0
2.5	2.3	2.7	0.00210123	4.76553E-05	-4.76553E-05	0	0
2.7	2.5	2.9	0.00114703	3.05077E-05	-3.05077E-05	0	0
2.9	2.7	3.1	0.000710979	2.32752E-05	-2.32752E-05	0	0
							
centrality	20	40	7.7	0			
pt	ptlow	pthigh	inv.yield	stat +	stat -	sys +	sys -
0.55	0.45	0.65	0.769814	0.00365783	-0.00365783	0	0
0.65	0.55	0.75	0.446398	0.0024616	-0.0024616	0	0
0.75	0.65	0.85	0.272434	0.00180215	-0.00180215	0	0
0.85	0.75	0.95	0.175555	0.00139312	-0.00139312	0	0
0.95	0.85	1.05	0.114613	0.00110337	-0.00110337	0	0
1.05	0.95	1.15	0.0737289	0.000856387	-0.000856387	0	0
1.15	1.05	1.25	0.0510938	0.000703555	-0.000703555	0	0
1.25	1.15	1.35	0.034474	0.000559021	-0.000559021	0	0
1.35	1.25	1.45	0.0238194	0.000442011	-0.000442011	0	0
1.5	1.3	1.7	0.0151018	0.000337099	-0.000337099	0	0
1.7	1.5	1.9	0.0078026	0.000222202	-0.000222202	0	0
1.9	1.7	2.1	0.00416873	0.000158064	-0.000158064	0	0
2.1	1.9	2.3	0.00249235	0.000120326	-0.000120326	0	0
2.3	2.1	2.5	0.00154324	8.97058E-05	-8.97058E-05	0	0
2.5	2.3	2.7	0.00104986	7.68501E-05	-7.68501E-05	0	0
2.7	2.5	2.9	0.000613614	5.10665E-05	-5.10665E-05	0	0
2.9	2.7	3.1	0.000406365	4.02606E-05	-4.02606E-05	0	0
							
centrality	40	60	5.7	0			
pt	ptlow	pthigh	inv.yield	stat +	stat -	sys +	sys -
0.55	0.45	0.65	0.566809	0.00327204	-0.00327204	0	0
0.65	0.55	0.75	0.322405	0.00218085	-0.00218085	0	0
0.75	0.65	0.85	0.195565	0.00159175	-0.00159175	0	0
0.85	0.75	0.95	0.124565	0.00122335	-0.00122335	0	0
0.95	0.85	1.05	0.078521	0.000952067	-0.000952067	0	0
1.05	0.95	1.15	0.0516196	0.000747013	-0.000747013	0	0
1.15	1.05	1.25	0.0350284	0.000607286	-0.000607286	0	0
1.25	1.15	1.35	0.0237127	0.000483328	-0.000483328	0	0
1.35	1.25	1.45	0.0166068	0.000384751	-0.000384751	0	0
1.5	1.3	1.7	0.010018	0.000286339	-0.000286339	0	0
1.7	1.5	1.9	0.00526491	0.000190231	-0.000190231	0	0
1.9	1.7	2.1	0.00293898	0.000138295	-0.000138295	0	0
2.1	1.9	2.3	0.0017026	0.000103726	-0.000103726	0	0
2.3	2.1	2.5	0.000973592	7.41774E-05	-7.41774E-05	0	0
2.5	2.3	2.7	0.000783296	0.000069061	-0.000069061	0	0
2.7	2.5	2.9	0.000406481	4.28948E-05	-4.28948E-05	0	0
2.9	2.7	3.1	0.000288732	3.53445E-05	-3.53445E-05	0	0
							
centrality	60	84	3.5	0			
pt	ptlow	pthigh	inv.yield	stat +	stat -	sys +	sys -
0.55	0.45	0.65	0.354171	0.00243189	-0.00243189	0	0
0.65	0.55	0.75	0.197042	0.00160303	-0.00160303	0	0
0.75	0.65	0.85	0.117854	0.00116182	-0.00116182	0	0
0.85	0.75	0.95	0.0742	0.000887747	-0.000887747	0	0
0.95	0.85	1.05	0.0455969	0.000682149	-0.000682149	0	0
1.05	0.95	1.15	0.0291579	0.000527881	-0.000527881	0	0
1.15	1.05	1.25	0.0196857	0.000428051	-0.000428051	0	0
1.25	1.15	1.35	0.0125673	0.000330834	-0.000330834	0	0
1.35	1.25	1.45	0.00864477	0.000261006	-0.000261006	0	0
1.5	1.3	1.7	0.00530659	0.000195843	-0.000195843	0	0
1.7	1.5	1.9	0.00258031	0.000125138	-0.000125138	0	0
1.9	1.7	2.1	0.00144382	9.11101E-05	-9.11101E-05	0	0
2.1	1.9	2.3	0.000887124	7.04486E-05	-7.04486E-05	0	0
2.3	2.1	2.5	0.000495804	4.98312E-05	-4.98312E-05	0	0
2.5	2.3	2.7	0.000328037	4.20489E-05	-4.20489E-05	0	0
2.7	2.5	2.9	0.000170414	2.63808E-05	-2.63808E-05	0	0
2.9	2.7	3.1	0.000124176	2.18099E-05	-2.18099E-05	0	0
