centrality	0	20	21.4	0			
pt	ptlow	pthigh	inv.yield	stat +	stat -	sys +	sys -
0.55	0.45	0.65	0.0866076	0.0001558	-0.0001558	0.0109759	-0.0109759
0.65	0.55	0.75	0.088045	0.000160354	-0.000160354	0.0111581	-0.0111581
0.75	0.65	0.85	0.0832313	0.000154981	-0.000154981	0.0105481	-0.0105481
0.85	0.75	0.95	0.0723081	0.000141537	-0.000141537	0.00916375	-0.00916375
0.95	0.85	1.05	0.0597693	0.000125181	-0.000125181	0.00757468	-0.00757468
1.05	0.95	1.15	0.0482729	0.000109048	-0.000109048	0.00652684	-0.00652684
1.15	1.05	1.25	0.0384559	9.41291E-05	-9.41291E-05	0.00519951	-0.00519951
1.25	1.15	1.35	0.0300793	8.04394E-05	-8.04394E-05	0.00406693	-0.00406693
1.35	1.25	1.45	0.0231111	6.81201E-05	-6.81201E-05	0.00312479	-0.00312479
1.45	1.35	1.55	0.0174897	5.72608E-05	-5.72608E-05	0.00236473	-0.00236473
1.55	1.45	1.65	0.013094	4.78963E-05	-4.78963E-05	0.00180607	-0.00180607
1.65	1.55	1.75	0.0099058	4.02908E-05	-4.02908E-05	0.00136632	-0.00136632
1.75	1.65	1.85	0.0074596	3.38453E-05	-3.38453E-05	0.00102891	-0.00102891
1.85	1.75	1.95	0.00557019	2.83359E-05	-2.83359E-05	0.000768302	-0.000768302
1.95	1.85	2.05	0.00415938	2.37477E-05	-2.37477E-05	0.000573707	-0.000573707
2.1	1.9	2.3	0.00273423	1.30296E-05	-1.30296E-05	0.000367344	-0.000367344
2.3	2.1	2.5	0.0015911	9.39185E-06	-9.39185E-06	0.000213765	-0.000213765
2.5	2.3	2.7	0.000937358	6.85432E-06	-6.85432E-06	0.000125934	-0.000125934
2.7	2.5	2.9	0.000570127	5.10462E-06	-5.10462E-06	7.65967E-05	-7.65967E-05
2.9	2.7	3.1	0.000358169	0.000003782	-0.000003782	4.81202E-05	-4.81202E-05
3.2	2.8	3.6	0.000189887	1.86469E-06	-1.86469E-06	2.58148E-05	-2.58148E-05
3.6	3.2	4	7.71965E-05	1.11831E-06	-1.11831E-06	1.04948E-05	-1.04948E-05
4	3.6	4.4	3.11383E-05	6.6455E-07	-6.6455E-07	4.2332E-06	-4.2332E-06
							
centrality	0	80	12.2	0			
pt	ptlow	pthigh	inv.yield	stat +	stat -	sys +	sys -
0.55	0.45	0.65	0.0496386	5.70213E-05	-5.70213E-05	0.00629079	-0.00629079
0.65	0.55	0.75	0.0498386	5.82905E-05	-5.82905E-05	0.00631615	-0.00631615
0.75	0.65	0.85	0.0463163	5.58517E-05	-5.58517E-05	0.00586976	-0.00586976
0.85	0.75	0.95	0.0395724	0.000050576	-0.000050576	0.00501508	-0.00501508
0.95	0.85	1.05	0.0322164	4.43952E-05	-4.43952E-05	0.00408285	-0.00408285
1.05	0.95	1.15	0.0256216	0.000038375	-0.000038375	0.00346422	-0.00346422
1.15	1.05	1.25	0.0201709	3.29303E-05	-3.29303E-05	0.00272726	-0.00272726
1.25	1.15	1.35	0.0155413	2.79277E-05	-2.79277E-05	0.00210129	-0.00210129
1.35	1.25	1.45	0.0117829	2.34956E-05	-2.34956E-05	0.00159314	-0.00159314
1.45	1.35	1.55	0.00885129	1.96768E-05	-1.96768E-05	0.00119676	-0.00119676
1.55	1.45	1.65	0.00657884	1.63991E-05	-1.63991E-05	0.000907427	-0.000907427
1.65	1.55	1.75	0.00492507	0.000013723	-0.000013723	0.000679321	-0.000679321
1.75	1.65	1.85	0.00368233	1.14859E-05	-1.14859E-05	0.000507909	-0.000507909
1.85	1.75	1.95	0.00273639	9.59301E-06	-9.59301E-06	0.000377433	-0.000377433
1.95	1.85	2.05	0.0020372	8.02755E-06	-8.02755E-06	0.000280994	-0.000280994
2.1	1.9	2.3	0.001335	4.39775E-06	-4.39775E-06	0.000179358	-0.000179358
2.3	2.1	2.5	0.000768845	3.15351E-06	-3.15351E-06	0.000103294	-0.000103294
2.5	2.3	2.7	0.000449613	2.29235E-06	-2.29235E-06	6.04056E-05	-6.04056E-05
2.7	2.5	2.9	0.000272635	1.70499E-06	-1.70499E-06	3.66286E-05	-3.66286E-05
2.9	2.7	3.1	0.000171745	1.26484E-06	-1.26484E-06	0.000023074	-0.000023074
3.2	2.8	3.6	9.27416E-05	6.29331E-07	-6.29331E-07	1.26081E-05	-1.26081E-05
3.6	3.2	4	3.75919E-05	3.77079E-07	-3.77079E-07	5.11056E-06	-5.11056E-06
4	3.6	4.4	1.55456E-05	2.27285E-07	-2.27285E-07	2.1134E-06	-2.1134E-06
							
centrality	20	40	16.1	0			
pt	ptlow	pthigh	inv.yield	stat +	stat -	sys +	sys -
0.55	0.45	0.65	0.0672923	0.000141151	-0.000141151	0.00852809	-0.00852809
0.65	0.55	0.75	0.0677207	0.000144458	-0.000144458	0.00858237	-0.00858237
0.75	0.65	0.85	0.0630834	0.000138569	-0.000138569	0.00799468	-0.00799468
0.85	0.75	0.95	0.054085	0.000125697	-0.000125697	0.0068543	-0.0068543
0.95	0.85	1.05	0.0441234	0.000110457	-0.000110457	0.00559184	-0.00559184
1.05	0.95	1.15	0.0352132	9.56449E-05	-9.56449E-05	0.00476108	-0.00476108
1.15	1.05	1.25	0.0277571	8.21193E-05	-8.21193E-05	0.00375297	-0.00375297
1.25	1.15	1.35	0.0213704	6.96212E-05	-6.96212E-05	0.00288943	-0.00288943
1.35	1.25	1.45	0.0161705	5.85144E-05	-5.85144E-05	0.00218637	-0.00218637
1.45	1.35	1.55	0.0121853	4.90781E-05	-4.90781E-05	0.00164753	-0.00164753
1.55	1.45	1.65	0.00903716	4.08639E-05	-4.08639E-05	0.00124651	-0.00124651
1.65	1.55	1.75	0.00677767	3.42245E-05	-3.42245E-05	0.000934852	-0.000934852
1.75	1.65	1.85	0.00506116	2.86282E-05	-2.86282E-05	0.000698091	-0.000698091
1.85	1.75	1.95	0.00377236	2.39446E-05	-2.39446E-05	0.000520325	-0.000520325
1.95	1.85	2.05	0.00282063	2.00804E-05	-2.00804E-05	0.000389053	-0.000389053
2.1	1.9	2.3	0.00185816	1.10301E-05	-1.10301E-05	0.000249644	-0.000249644
2.3	2.1	2.5	0.00106563	7.89344E-06	-7.89344E-06	0.000143168	-0.000143168
2.5	2.3	2.7	0.000626535	5.7509E-06	-5.7509E-06	8.41752E-05	-8.41752E-05
2.7	2.5	2.9	0.000379171	4.27401E-06	-4.27401E-06	5.09418E-05	-5.09418E-05
2.9	2.7	3.1	0.000238617	3.16817E-06	-3.16817E-06	3.20583E-05	-3.20583E-05
3.2	2.8	3.6	0.000129642	1.58159E-06	-1.58159E-06	1.76247E-05	-1.76247E-05
3.6	3.2	4	5.24045E-05	9.46195E-07	-9.46195E-07	7.12432E-06	-7.12432E-06
4	3.6	4.4	2.13228E-05	5.65662E-07	-5.65662E-07	2.8988E-06	-2.8988E-06
							
centrality	40	60	10.3	0			
pt	ptlow	pthigh	inv.yield	stat +	stat -	sys +	sys -
0.55	0.45	0.65	0.0441612	0.000115037	-0.000115037	0.00559664	-0.00559664
0.65	0.55	0.75	0.0439312	0.000116989	-0.000116989	0.00556749	-0.00556749
0.75	0.65	0.85	0.0400308	0.000110977	-0.000110977	0.00507318	-0.00507318
0.85	0.75	0.95	0.0335311	9.94942E-05	-9.94942E-05	0.00424946	-0.00424946
0.95	0.85	1.05	0.0267988	8.65287E-05	-8.65287E-05	0.00339627	-0.00339627
1.05	0.95	1.15	0.0209173	7.40918E-05	-7.40918E-05	0.00282817	-0.00282817
1.15	1.05	1.25	0.0162534	6.31744E-05	-6.31744E-05	0.00219757	-0.00219757
1.25	1.15	1.35	0.0122269	5.29304E-05	-5.29304E-05	0.00165317	-0.00165317
1.35	1.25	1.45	0.00917192	4.43021E-05	-4.43021E-05	0.00124011	-0.00124011
1.45	1.35	1.55	0.00681218	3.68927E-05	-3.68927E-05	0.000921056	-0.000921056
1.55	1.45	1.65	0.00500908	3.05773E-05	-3.05773E-05	0.000690908	-0.000690908
1.65	1.55	1.75	0.00368418	2.53635E-05	-2.53635E-05	0.000508163	-0.000508163
1.75	1.65	1.85	0.00273114	2.11377E-05	-2.11377E-05	0.00037671	-0.00037671
1.85	1.75	1.95	0.002012	1.75763E-05	-1.75763E-05	0.000277518	-0.000277518
1.95	1.85	2.05	0.00148026	0.000014622	-0.000014622	0.000204174	-0.000204174
2.1	1.9	2.3	0.000966494	7.99621E-06	-7.99621E-06	0.000129849	-0.000129849
2.3	2.1	2.5	0.000546866	5.68288E-06	-5.68288E-06	7.34716E-05	-7.34716E-05
2.5	2.3	2.7	0.000311906	4.07938E-06	-4.07938E-06	4.19046E-05	-4.19046E-05
2.7	2.5	2.9	0.000187482	0.000003021	-0.000003021	2.51883E-05	-2.51883E-05
2.9	2.7	3.1	0.000120596	2.2653E-06	-2.2653E-06	1.62021E-05	-1.62021E-05
3.2	2.8	3.6	6.68739E-05	1.14209E-06	-1.14209E-06	9.0914E-06	-9.0914E-06
3.6	3.2	4	2.69022E-05	6.8333E-07	-6.8333E-07	3.65731E-06	-3.65731E-06
4	3.6	4.4	1.19232E-05	4.27102E-07	-4.27102E-07	1.62095E-06	-1.62095E-06
							
centrality	60	80	4.4	0			
pt	ptlow	pthigh	inv.yield	stat +	stat -	sys +	sys -
0.55	0.45	0.65	0.0194709	6.53882E-05	-6.53882E-05	0.00246758	-0.00246758
0.65	0.55	0.75	0.0186348	6.51892E-05	-6.51892E-05	0.00236162	-0.00236162
0.75	0.65	0.85	0.0164697	6.09132E-05	-6.09132E-05	0.00208724	-0.00208724
0.85	0.75	0.95	0.0133252	5.36578E-05	-5.36578E-05	0.00168873	-0.00168873
0.95	0.85	1.05	0.0103032	4.59056E-05	-4.59056E-05	0.00130575	-0.00130575
1.05	0.95	1.15	0.00772861	3.85358E-05	-3.85358E-05	0.00104496	-0.00104496
1.15	1.05	1.25	0.00581924	3.23441E-05	-3.23441E-05	0.000786803	-0.000786803
1.25	1.15	1.35	0.00432936	2.69526E-05	-2.69526E-05	0.000585361	-0.000585361
1.35	1.25	1.45	0.00309569	2.20226E-05	-2.20226E-05	0.00041856	-0.00041856
1.45	1.35	1.55	0.00223693	0.000018089	-0.000018089	0.00030245	-0.00030245
1.55	1.45	1.65	0.00162998	1.49242E-05	-1.49242E-05	0.000224826	-0.000224826
1.65	1.55	1.75	0.00118157	1.22897E-05	-1.22897E-05	0.000162975	-0.000162975
1.75	1.65	1.85	0.00085471	1.01144E-05	-1.01144E-05	0.000117891	-0.000117891
1.85	1.75	1.95	0.00061685	8.32935E-06	-8.32935E-06	8.50828E-05	-8.50828E-05
1.95	1.85	2.05	0.00045118	6.90739E-06	-6.90739E-06	6.22318E-05	-6.22318E-05
2.1	1.9	2.3	0.000282764	3.70049E-06	-3.70049E-06	3.79894E-05	-3.79894E-05
2.3	2.1	2.5	0.000158621	2.6177E-06	-2.6177E-06	2.13108E-05	-2.13108E-05
2.5	2.3	2.7	9.04514E-05	1.87901E-06	-1.87901E-06	1.21522E-05	-1.21522E-05
2.7	2.5	2.9	5.53352E-05	1.40506E-06	-1.40506E-06	7.4343E-06	-7.4343E-06
2.9	2.7	3.1	3.37254E-05	1.02521E-06	-1.02521E-06	4.53102E-06	-4.53102E-06
3.2	2.8	3.6	1.95786E-05	5.28389E-07	-5.28389E-07	2.66169E-06	-2.66169E-06
3.6	3.2	4	8.0155E-06	3.1777E-07	-3.1777E-07	1.0897E-06	-1.0897E-06
4	3.6	4.4	3.71323E-06	2.03669E-07	-2.03669E-07	5.04808E-07	-5.04808E-07
