centrality	0	5	687.4	0			
pt	ptlow	pthigh	inv.yield	stat +	stat -	sys +	sys -
0.25	0.2	0.3	315	0	0	2.4	-2.4
0.35	0.3	0.4	194	0	0	1.5	-1.5
0.45	0.4	0.5	119	0	0	0.98	-0.98
0.55	0.5	0.6	73.7	0	0	0.65	-0.65
0.65	0.6	0.7	45.7	0	0	0.43	-0.43
0.75	0.7	0.8	28.6	0	0	0.29	-0.29
0.85	0.8	0.9	18.6	0	0	0.2	-0.2
0.95	0.9	1	12.2	0	0	0.14	-0.14
1.05	1	1.1	8.02	0	0	0.1	-0.1
1.15	1.1	1.2	5.55	0	0	0.077	-0.077
1.25	1.2	1.3	3.53	0	0	0.052	-0.052
1.35	1.3	1.4	2.55	0	0	0.041	-0.041
1.45	1.4	1.5	1.71	0	0	0.03	-0.03
1.55	1.5	1.6	1.2	0	0	0.023	-0.023
1.65	1.6	1.7	0.802	0	0	0.017	-0.017
1.75	1.7	1.8	0.565	0	0	0.013	-0.013
1.85	1.8	1.9	0.405	0	0	0.011	-0.011
1.95	1.9	2	0.285	0	0	0.0088	-0.0088
2.05	2	2.1	0.189	0	0	0.0058	-0.0058
2.15	2.1	2.2	0.132	0	0	0.0048	-0.0048
2.25	2.2	2.3	0.0924	0	0	0.004	-0.004
2.35	2.3	2.4	0.0707	0	0	0.0037	-0.0037
2.45	2.4	2.5	0.0471	0	0	0.003	-0.003
2.55	2.5	2.6	0.035	0	0	0.0028	-0.0028
2.65	2.6	2.7	0.0269	0	0	0.0025	-0.0025
2.75	2.7	2.8	0.0199	0	0	0.0023	-0.0023
2.85	2.8	2.9	0.0145	0	0	0.0021	-0.0021
2.95	2.9	3	0.0108	0	0	0.0019	-0.0019
							
centrality	5	10	560.4	0			
pt	ptlow	pthigh	inv.yield	stat +	stat -	sys +	sys -
0.25	0.2	0.3	271	0	0	2.1	-2.1
0.35	0.3	0.4	164	0	0	1.3	-1.3
0.45	0.4	0.5	99.3	0	0	0.82	-0.82
0.55	0.5	0.6	61.7	0	0	0.54	-0.54
0.65	0.6	0.7	38.2	0	0	0.36	-0.36
0.75	0.7	0.8	24	0	0	0.24	-0.24
0.85	0.8	0.9	15.6	0	0	0.17	-0.17
0.95	0.9	1	10.2	0	0	0.12	-0.12
1.05	1	1.1	6.75	0	0	0.087	-0.087
1.15	1.1	1.2	4.64	0	0	0.065	-0.065
1.25	1.2	1.3	2.94	0	0	0.044	-0.044
1.35	1.3	1.4	2.19	0	0	0.036	-0.036
1.45	1.4	1.5	1.48	0	0	0.027	-0.027
1.55	1.5	1.6	1.02	0	0	0.02	-0.02
1.65	1.6	1.7	0.694	0	0	0.015	-0.015
1.75	1.7	1.8	0.491	0	0	0.012	-0.012
1.85	1.8	1.9	0.348	0	0	0.0096	-0.0096
1.95	1.9	2	0.253	0	0	0.0081	-0.0081
2.05	2	2.1	0.164	0	0	0.0054	-0.0054
2.15	2.1	2.2	0.12	0	0	0.0045	-0.0045
2.25	2.2	2.3	0.0831	0	0	0.0038	-0.0038
2.35	2.3	2.4	0.0629	0	0	0.0035	-0.0035
2.45	2.4	2.5	0.0447	0	0	0.0029	-0.0029
2.55	2.5	2.6	0.0333	0	0	0.0027	-0.0027
2.65	2.6	2.7	0.0236	0	0	0.0023	-0.0023
2.75	2.7	2.8	0.0167	0	0	0.0021	-0.0021
2.85	2.8	2.9	0.0163	0	0	0.0022	-0.0022
2.95	2.9	3	0.0116	0	0	0.002	-0.002
							
centrality	10	15	456.8	0			
pt	ptlow	pthigh	inv.yield	stat +	stat -	sys +	sys -
0.25	0.2	0.3	227	0	0	1.8	-1.8
0.35	0.3	0.4	135	0	0	1.1	-1.1
0.45	0.4	0.5	81.8	0	0	0.68	-0.68
0.55	0.5	0.6	50.4	0	0	0.45	-0.45
0.65	0.6	0.7	31.5	0	0	0.3	-0.3
0.75	0.7	0.8	19.6	0	0	0.2	-0.2
0.85	0.8	0.9	12.8	0	0	0.14	-0.14
0.95	0.9	1	8.47	0	0	0.1	-0.1
1.05	1	1.1	5.57	0	0	0.072	-0.072
1.15	1.1	1.2	3.83	0	0	0.055	-0.055
1.25	1.2	1.3	2.46	0	0	0.038	-0.038
1.35	1.3	1.4	1.8	0	0	0.03	-0.03
1.45	1.4	1.5	1.22	0	0	0.022	-0.022
1.55	1.5	1.6	0.863	0	0	0.018	-0.018
1.65	1.6	1.7	0.586	0	0	0.013	-0.013
1.75	1.7	1.8	0.41	0	0	0.01	-0.01
1.85	1.8	1.9	0.3	0	0	0.0085	-0.0085
1.95	1.9	2	0.212	0	0	0.0071	-0.0071
2.05	2	2.1	0.142	0	0	0.0048	-0.0048
2.15	2.1	2.2	0.101	0	0	0.004	-0.004
2.25	2.2	2.3	0.0721	0	0	0.0034	-0.0034
2.35	2.3	2.4	0.0595	0	0	0.0033	-0.0033
2.45	2.4	2.5	0.0397	0	0	0.0027	-0.0027
2.55	2.5	2.6	0.0328	0	0	0.0027	-0.0027
2.65	2.6	2.7	0.0222	0	0	0.0022	-0.0022
2.75	2.7	2.8	0.0161	0	0	0.002	-0.002
2.85	2.8	2.9	0.0121	0	0	0.0019	-0.0019
2.95	2.9	3	0.0103	0	0	0.0018	-0.0018
							
centrality	15	20	371.5	0			
pt	ptlow	pthigh	inv.yield	stat +	stat -	sys +	sys -
0.25	0.2	0.3	195	0	0	1.5	-1.5
0.35	0.3	0.4	113	0	0	0.9	-0.9
0.45	0.4	0.5	68.6	0	0	0.57	-0.57
0.55	0.5	0.6	42.2	0	0	0.37	-0.37
0.65	0.6	0.7	26.1	0	0	0.25	-0.25
0.75	0.7	0.8	16.3	0	0	0.17	-0.17
0.85	0.8	0.9	10.6	0	0	0.12	-0.12
0.95	0.9	1	7.01	0	0	0.086	-0.086
1.05	1	1.1	4.68	0	0	0.062	-0.062
1.15	1.1	1.2	3.19	0	0	0.046	-0.046
1.25	1.2	1.3	2.05	0	0	0.032	-0.032
1.35	1.3	1.4	1.49	0	0	0.026	-0.026
1.45	1.4	1.5	0.99	0	0	0.019	-0.019
1.55	1.5	1.6	0.711	0	0	0.015	-0.015
1.65	1.6	1.7	0.485	0	0	0.012	-0.012
1.75	1.7	1.8	0.343	0	0	0.0092	-0.0092
1.85	1.8	1.9	0.238	0	0	0.0073	-0.0073
1.95	1.9	2	0.174	0	0	0.0062	-0.0062
2.05	2	2.1	0.116	0	0	0.0042	-0.0042
2.15	2.1	2.2	0.0898	0	0	0.0037	-0.0037
2.25	2.2	2.3	0.0655	0	0	0.0032	-0.0032
2.35	2.3	2.4	0.0502	0	0	0.0029	-0.0029
2.45	2.4	2.5	0.0362	0	0	0.0025	-0.0025
2.55	2.5	2.6	0.0255	0	0	0.0023	-0.0023
2.65	2.6	2.7	0.0201	0	0	0.0021	-0.0021
2.75	2.7	2.8	0.0157	0	0	0.0019	-0.0019
2.85	2.8	2.9	0.013	0	0	0.0019	-0.0019
2.95	2.9	3	0.00944	0	0	0.0017	-0.0017
							
centrality	20	30	274	0			
pt	ptlow	pthigh	inv.yield	stat +	stat -	sys +	sys -
0.25	0.2	0.3	151	0	0	1.2	-1.2
0.35	0.3	0.4	86.2	0	0	0.68	-0.68
0.45	0.4	0.5	51.8	0	0	0.43	-0.43
0.55	0.5	0.6	31.7	0	0	0.28	-0.28
0.65	0.6	0.7	19.5	0	0	0.18	-0.18
0.75	0.7	0.8	12.2	0	0	0.12	-0.12
0.85	0.8	0.9	7.96	0	0	0.087	-0.087
0.95	0.9	1	5.31	0	0	0.063	-0.063
1.05	1	1.1	3.45	0	0	0.044	-0.044
1.15	1.1	1.2	2.36	0	0	0.033	-0.033
1.25	1.2	1.3	1.55	0	0	0.023	-0.023
1.35	1.3	1.4	1.1	0	0	0.018	-0.018
1.45	1.4	1.5	0.755	0	0	0.013	-0.013
1.55	1.5	1.6	0.541	0	0	0.011	-0.011
1.65	1.6	1.7	0.371	0	0	0.0079	-0.0079
1.75	1.7	1.8	0.256	0	0	0.0061	-0.0061
1.85	1.8	1.9	0.193	0	0	0.005	-0.005
1.95	1.9	2	0.136	0	0	0.0041	-0.0041
2.05	2	2.1	0.0965	0	0	0.0029	-0.0029
2.15	2.1	2.2	0.0697	0	0	0.0024	-0.0024
2.25	2.2	2.3	0.0515	0	0	0.0021	-0.0021
2.35	2.3	2.4	0.0383	0	0	0.0019	-0.0019
2.45	2.4	2.5	0.0284	0	0	0.0016	-0.0016
2.55	2.5	2.6	0.0237	0	0	0.0016	-0.0016
2.65	2.6	2.7	0.0168	0	0	0.0014	-0.0014
2.75	2.7	2.8	0.0135	0	0	0.0013	-0.0013
2.85	2.8	2.9	0.0103	0	0	0.0012	-0.0012
2.95	2.9	3	0.00845	0	0	0.0012	-0.0012
							
centrality	30	40	176.8	0			
pt	ptlow	pthigh	inv.yield	stat +	stat -	sys +	sys -
0.25	0.2	0.3	102	0	0	0.79	-0.79
0.35	0.3	0.4	56.8	0	0	0.45	-0.45
0.45	0.4	0.5	33.6	0	0	0.28	-0.28
0.55	0.5	0.6	20.4	0	0	0.18	-0.18
0.65	0.6	0.7	12.6	0	0	0.12	-0.12
0.75	0.7	0.8	7.81	0	0	0.08	-0.08
0.85	0.8	0.9	5.06	0	0	0.057	-0.057
0.95	0.9	1	3.37	0	0	0.041	-0.041
1.05	1	1.1	2.18	0	0	0.029	-0.029
1.15	1.1	1.2	1.52	0	0	0.022	-0.022
1.25	1.2	1.3	0.975	0	0	0.015	-0.015
1.35	1.3	1.4	0.711	0	0	0.012	-0.012
1.45	1.4	1.5	0.476	0	0	0.0092	-0.0092
1.55	1.5	1.6	0.342	0	0	0.0074	-0.0074
1.65	1.6	1.7	0.237	0	0	0.0057	-0.0057
1.75	1.7	1.8	0.168	0	0	0.0045	-0.0045
1.85	1.8	1.9	0.12	0	0	0.0037	-0.0037
1.95	1.9	2	0.0873	0	0	0.0031	-0.0031
2.05	2	2.1	0.0646	0	0	0.0022	-0.0022
2.15	2.1	2.2	0.0455	0	0	0.0019	-0.0019
2.25	2.2	2.3	0.036	0	0	0.0017	-0.0017
2.35	2.3	2.4	0.0283	0	0	0.0016	-0.0016
2.45	2.4	2.5	0.0194	0	0	0.0013	-0.0013
2.55	2.5	2.6	0.0157	0	0	0.0013	-0.0013
2.65	2.6	2.7	0.013	0	0	0.0012	-0.0012
2.75	2.7	2.8	0.0106	0	0	0.0011	-0.0011
2.85	2.8	2.9	0.00861	0	0	0.0011	-0.0011
2.95	2.9	3	0.00616	0	0	0.00098	-0.00098
							
centrality	40	50	109.4	0			
pt	ptlow	pthigh	inv.yield	stat +	stat -	sys +	sys -
0.25	0.2	0.3	65.3	0	0	0.51	-0.51
0.35	0.3	0.4	35.6	0	0	0.28	-0.28
0.45	0.4	0.5	20.8	0	0	0.17	-0.17
0.55	0.5	0.6	12.4	0	0	0.11	-0.11
0.65	0.6	0.7	7.57	0	0	0.074	-0.074
0.75	0.7	0.8	4.67	0	0	0.049	-0.049
0.85	0.8	0.9	3.04	0	0	0.035	-0.035
0.95	0.9	1	1.99	0	0	0.026	-0.026
1.05	1	1.1	1.3	0	0	0.018	-0.018
1.15	1.1	1.2	0.896	0	0	0.014	-0.014
1.25	1.2	1.3	0.568	0	0	0.0098	-0.0098
1.35	1.3	1.4	0.418	0	0	0.0082	-0.0082
1.45	1.4	1.5	0.275	0	0	0.0061	-0.0061
1.55	1.5	1.6	0.201	0	0	0.005	-0.005
1.65	1.6	1.7	0.14	0	0	0.0039	-0.0039
1.75	1.7	1.8	0.096	0	0	0.0031	-0.0031
1.85	1.8	1.9	0.0736	0	0	0.0027	-0.0027
1.95	1.9	2	0.0534	0	0	0.0023	-0.0023
2.05	2	2.1	0.0364	0	0	0.0016	-0.0016
2.15	2.1	2.2	0.0272	0	0	0.0014	-0.0014
2.25	2.2	2.3	0.0195	0	0	0.0012	-0.0012
2.35	2.3	2.4	0.0176	0	0	0.0012	-0.0012
2.45	2.4	2.5	0.0133	0	0	0.001	-0.001
2.55	2.5	2.6	0.0106	0	0	0.001	-0.001
2.65	2.6	2.7	0.0082	0	0	0.00091	-0.00091
2.75	2.7	2.8	0.00635	0	0	0.00085	-0.00085
2.85	2.8	2.9	0.0051	0	0	0.00083	-0.00083
2.95	2.9	3	0.00372	0	0	0.00075	-0.00075
							
centrality	50	60	61.6	0			
pt	ptlow	pthigh	inv.yield	stat +	stat -	sys +	sys -
0.25	0.2	0.3	39.2	0	0	0.31	-0.31
0.35	0.3	0.4	21	0	0	0.17	-0.17
0.45	0.4	0.5	12.1	0	0	0.1	-0.1
0.55	0.5	0.6	7.13	0	0	0.066	-0.066
0.65	0.6	0.7	4.3	0	0	0.044	-0.044
0.75	0.7	0.8	2.61	0	0	0.029	-0.029
0.85	0.8	0.9	1.68	0	0	0.021	-0.021
0.95	0.9	1	1.1	0	0	0.015	-0.015
1.05	1	1.1	0.713	0	0	0.011	-0.011
1.15	1.1	1.2	0.488	0	0	0.0088	-0.0088
1.25	1.2	1.3	0.312	0	0	0.0063	-0.0063
1.35	1.3	1.4	0.229	0	0	0.0053	-0.0053
1.45	1.4	1.5	0.151	0	0	0.0041	-0.0041
1.55	1.5	1.6	0.11	0	0	0.0034	-0.0034
1.65	1.6	1.7	0.0711	0	0	0.0026	-0.0026
1.75	1.7	1.8	0.0538	0	0	0.0022	-0.0022
1.85	1.8	1.9	0.04	0	0	0.0019	-0.0019
1.95	1.9	2	0.0288	0	0	0.0016	-0.0016
2.05	2	2.1	0.0204	0	0	0.0012	-0.0012
2.15	2.1	2.2	0.0153	0	0	0.001	-0.001
2.25	2.2	2.3	0.0108	0	0	0.00088	-0.00088
2.35	2.3	2.4	0.00895	0	0	0.00084	-0.00084
2.45	2.4	2.5	0.00717	0	0	0.00076	-0.00076
2.55	2.5	2.6	0.00572	0	0	0.00075	-0.00075
2.65	2.6	2.7	0.00494	0	0	0.00071	-0.00071
2.75	2.7	2.8	0.00343	0	0	0.00063	-0.00063
2.85	2.8	2.9	0.00267	0	0	0.0006	-0.0006
2.95	2.9	3	0.00173	0	0	0.00051	-0.00051
							
centrality	60	70	32	0			
pt	ptlow	pthigh	inv.yield	stat +	stat -	sys +	sys -
0.25	0.2	0.3	20.7	0	0	0.17	-0.17
0.35	0.3	0.4	10.9	0	0	0.09	-0.09
0.45	0.4	0.5	6.21	0	0	0.055	-0.055
0.55	0.5	0.6	3.59	0	0	0.035	-0.035
0.65	0.6	0.7	2.16	0	0	0.024	-0.024
0.75	0.7	0.8	1.3	0	0	0.016	-0.016
0.85	0.8	0.9	0.83	0	0	0.012	-0.012
0.95	0.9	1	0.526	0	0	0.0087	-0.0087
1.05	1	1.1	0.345	0	0	0.0066	-0.0066
1.15	1.1	1.2	0.232	0	0	0.0052	-0.0052
1.25	1.2	1.3	0.147	0	0	0.0038	-0.0038
1.35	1.3	1.4	0.105	0	0	0.0032	-0.0032
1.45	1.4	1.5	0.0732	0	0	0.0026	-0.0026
1.55	1.5	1.6	0.0515	0	0	0.0022	-0.0022
1.65	1.6	1.7	0.0383	0	0	0.0018	-0.0018
1.75	1.7	1.8	0.0251	0	0	0.0014	-0.0014
1.85	1.8	1.9	0.0187	0	0	0.0012	-0.0012
1.95	1.9	2	0.013	0	0	0.0011	-0.0011
2.05	2	2.1	0.00863	0	0	0.00074	-0.00074
2.15	2.1	2.2	0.00688	0	0	0.00067	-0.00067
2.25	2.2	2.3	0.00471	0	0	0.00057	-0.00057
2.35	2.3	2.4	0.00442	0	0	0.00058	-0.00058
2.45	2.4	2.5	0.00304	0	0	0.00049	-0.00049
2.55	2.5	2.6	0.00296	0	0	0.00053	-0.00053
2.65	2.6	2.7	0.00221	0	0	0.00047	-0.00047
2.75	2.7	2.8	0.00154	0	0	0.00042	-0.00042
2.85	2.8	2.9	0.00124	0	0	0.00041	-0.00041
2.95	2.9	3	0.00125	0	0	0.00043	-0.00043
							
centrality	70	80	16	0			
pt	ptlow	pthigh	inv.yield	stat +	stat -	sys +	sys -
0.25	0.2	0.3	9.77	0	0	0.082	-0.082
0.35	0.3	0.4	5.19	0	0	0.046	-0.046
0.45	0.4	0.5	2.84	0	0	0.028	-0.028
0.55	0.5	0.6	1.62	0	0	0.018	-0.018
0.65	0.6	0.7	0.932	0	0	0.012	-0.012
0.75	0.7	0.8	0.561	0	0	0.0086	-0.0086
0.85	0.8	0.9	0.352	0	0	0.0064	-0.0064
0.95	0.9	1	0.227	0	0	0.005	-0.005
1.05	1	1.1	0.141	0	0	0.0038	-0.0038
1.15	1.1	1.2	0.0975	0	0	0.0031	-0.0031
1.25	1.2	1.3	0.0631	0	0	0.0024	-0.0024
1.35	1.3	1.4	0.0417	0	0	0.0019	-0.0019
1.45	1.4	1.5	0.0281	0	0	0.0016	-0.0016
1.55	1.5	1.6	0.0211	0	0	0.0014	-0.0014
1.65	1.6	1.7	0.0153	0	0	0.0011	-0.0011
1.75	1.7	1.8	0.0108	0	0	0.00095	-0.00095
1.85	1.8	1.9	0.00806	0	0	0.00082	-0.00082
1.95	1.9	2	0.00603	0	0	0.00073	-0.00073
2.05	2	2.1	0.00423	0	0	0.00053	-0.00053
2.15	2.1	2.2	0.00317	0	0	0.00046	-0.00046
2.25	2.2	2.3	0.00189	0	0	0.00037	-0.00037
2.35	2.3	2.4	0.00196	0	0	0.0004	-0.0004
2.45	2.4	2.5	0.00117	0	0	0.00031	-0.00031
2.55	2.5	2.6	0.00116	0	0	0.00034	-0.00034
2.65	2.6	2.7	0.000805	0	0	0.00029	-0.00029
2.75	2.7	2.8	0.000378	0	0	0.00021	-0.00021
2.85	2.8	2.9	0.000287	0	0	0.0002	-0.0002
2.95	2.9	3	0.000675	0	0	0.00032	-0.00032
							
centrality	80	92	7	0			
pt	ptlow	pthigh	inv.yield	stat +	stat -	sys +	sys -
0.25	0.2	0.3	5.03	0	0	0.045	-0.045
0.35	0.3	0.4	2.67	0	0	0.026	-0.026
0.45	0.4	0.5	1.45	0	0	0.016	-0.016
0.55	0.5	0.6	0.813	0	0	0.011	-0.011
0.65	0.6	0.7	0.454	0	0	0.0073	-0.0073
0.75	0.7	0.8	0.27	0	0	0.0053	-0.0053
0.85	0.8	0.9	0.159	0	0	0.0039	-0.0039
0.95	0.9	1	0.107	0	0	0.0032	-0.0032
1.05	1	1.1	0.0663	0	0	0.0024	-0.0024
1.15	1.1	1.2	0.0446	0	0	0.002	-0.002
1.25	1.2	1.3	0.0265	0	0	0.0015	-0.0015
1.35	1.3	1.4	0.0202	0	0	0.0013	-0.0013
1.45	1.4	1.5	0.0128	0	0	0.001	-0.001
1.55	1.5	1.6	0.00927	0	0	0.00088	-0.00088
1.65	1.6	1.7	0.00656	0	0	0.00073	-0.00073
1.75	1.7	1.8	0.00514	0	0	0.00065	-0.00065
1.85	1.8	1.9	0.00351	0	0	0.00053	-0.00053
1.95	1.9	2	0.0027	0	0	0.00048	-0.00048
2.05	2	2.1	0.0014	0	0	0.0003	-0.0003
2.15	2.1	2.2	0.00125	0	0	0.00029	-0.00029
2.25	2.2	2.3	0.000866	0	0	0.00025	-0.00025
2.35	2.3	2.4	0.000665	0	0	0.00023	-0.00023
2.45	2.4	2.5	0.000561	0	0	0.00021	-0.00021
2.55	2.5	2.6	0.000379	0	0	0.00019	-0.00019
2.65	2.6	2.7	0.000414	0	0	0.0002	-0.0002
2.75	2.7	2.8	0.000334	0	0	0.0002	-0.0002
2.85	2.8	2.9	0.000285	0	0	0.0002	-0.0002
2.95	2.9	3	0.000204	0	0	0.00018	-0.00018
