centrality	0	100	6.7	0			
pt	ptlow	pthigh	inv.yield	stat +	stat -	sys +	sys -
0.55	0.5	0.6	0.605913	0.00155997	-0.00155997	0	0
0.65	0.6	0.7	0.351891	0.00107251	-0.00107251	0	0
0.75	0.7	0.8	0.22463	0.000808052	-0.000808052	0	0
0.85	0.8	0.9	0.139591	0.000592964	-0.000592964	0	0
0.95	0.9	1	0.0910323	0.000453774	-0.000453774	0	0
1.05	1	1.1	0.06004	0.00035339	-0.00035339	0	0
1.15	1.1	1.2	0.0431166	0.00029514	-0.00029514	0	0
1.25	1.2	1.3	0.028796	0.00022525	-0.00022525	0	0
1.35	1.3	1.4	0.0197374	0.000178995	-0.000178995	0	0
1.5	1.4	1.6	0.0120598	0.00013421	-0.00013421	0	0
1.7	1.6	1.8	0.00628663	9.06676E-05	-9.06676E-05	0	0
1.9	1.8	2	0.00350432	6.49528E-05	-6.49528E-05	0	0
2.1	2	2.2	0.00193524	4.49847E-05	-4.49847E-05	0	0
2.3	2.2	2.4	0.00111913	3.19683E-05	-3.19683E-05	0	0
2.5	2.4	2.6	0.000757501	2.74515E-05	-2.74515E-05	0	0
2.7	2.6	2.8	0.000411663	1.81235E-05	-1.81235E-05	0	0
2.9	2.8	3	0.000254033	1.39514E-05	-1.39514E-05	0	0
							
centrality	0	20	10.4	0			
pt	ptlow	pthigh	inv.yield	stat +	stat -	sys +	sys -
0.55	0.5	0.6	1.05024	0.00428123	-0.00428123	0	0
0.65	0.6	0.7	0.619503	0.00296641	-0.00296641	0	0
0.75	0.7	0.8	0.399456	0.00224623	-0.00224623	0	0
0.85	0.8	0.9	0.252573	0.00166267	-0.00166267	0	0
0.95	0.9	1	0.167398	0.00128272	-0.00128272	0	0
1.05	1	1.1	0.111454	0.00100368	-0.00100368	0	0
1.15	1.1	1.2	0.0813974	0.000845325	-0.000845325	0	0
1.25	1.2	1.3	0.0547206	0.000647275	-0.000647275	0	0
1.35	1.3	1.4	0.0372085	0.000512307	-0.000512307	0	0
1.5	1.4	1.6	0.0231177	0.000387585	-0.000387585	0	0
1.7	1.6	1.8	0.0120464	0.000261616	-0.000261616	0	0
1.9	1.8	2	0.00689607	0.00018994	-0.00018994	0	0
2.1	2	2.2	0.00375007	0.000130526	-0.000130526	0	0
2.3	2.2	2.4	0.0022514	9.45126E-05	-9.45126E-05	0	0
2.5	2.4	2.6	0.00144919	7.90947E-05	-7.90947E-05	0	0
2.7	2.6	2.8	0.000768327	0.000051625	-0.000051625	0	0
2.9	2.8	3	0.000461438	0.000039149	-0.000039149	0	0
							
centrality	0	5	12.3	0			
pt	ptlow	pthigh	inv.yield	stat +	stat -	sys +	sys -
0.55	0.5	0.6	1.28051	0.00211964	-0.00211964	0	0
0.65	0.6	0.7	0.754784	0.00146813	-0.00146813	0	0
0.75	0.7	0.8	0.494783	0.00112091	-0.00112091	0	0
0.85	0.8	0.9	0.315673	0.000833444	-0.000833444	0	0
0.95	0.9	1	0.205941	0.000637928	-0.000637928	0	0
1.05	1	1.1	0.138607	0.000501863	-0.000501863	0	0
1.15	1.1	1.2	0.101676	0.000423615	-0.000423615	0	0
1.25	1.2	1.3	0.067822	0.000323105	-0.000323105	0	0
1.35	1.3	1.4	0.0476768	0.000260021	-0.000260021	0	0
1.5	1.4	1.6	0.0290218	0.000194519	-0.000194519	0	0
1.7	1.6	1.8	0.015085	0.000131324	-0.000131324	0	0
1.9	1.8	2	0.00856021	9.48686E-05	-9.48686E-05	0	0
2.1	2	2.2	0.00465565	6.51686E-05	-6.51686E-05	0	0
2.3	2.2	2.4	0.00260066	4.55124E-05	-4.55124E-05	0	0
2.5	2.4	2.6	0.00185039	4.01159E-05	-4.01159E-05	0	0
2.7	2.6	2.8	0.00098496	2.62116E-05	-2.62116E-05	0	0
2.9	2.8	3	0.000645642	2.08095E-05	-2.08095E-05	0	0
							
centrality	20	40	7.7	0			
pt	ptlow	pthigh	inv.yield	stat +	stat -	sys +	sys -
0.55	0.5	0.6	0.77272	0.00376288	-0.00376288	0	0
0.65	0.6	0.7	0.449232	0.00258839	-0.00258839	0	0
0.75	0.7	0.8	0.287825	0.00195375	-0.00195375	0	0
0.85	0.8	0.9	0.180608	0.00144068	-0.00144068	0	0
0.95	0.9	1	0.117576	0.00110154	-0.00110154	0	0
1.05	1	1.1	0.0775047	0.000857624	-0.000857624	0	0
1.15	1.1	1.2	0.0552857	0.000713855	-0.000713855	0	0
1.25	1.2	1.3	0.0371397	0.000546408	-0.000546408	0	0
1.35	1.3	1.4	0.0254621	0.000434252	-0.000434252	0	0
1.5	1.4	1.6	0.0157957	0.000327942	-0.000327942	0	0
1.7	1.6	1.8	0.00807555	0.000219527	-0.000219527	0	0
1.9	1.8	2	0.00447155	0.000156767	-0.000156767	0	0
2.1	2	2.2	0.00265469	0.000112511	-0.000112511	0	0
2.3	2.2	2.4	0.00143003	7.72181E-05	-7.72181E-05	0	0
2.5	2.4	2.6	0.00102327	6.82006E-05	-6.82006E-05	0	0
2.7	2.6	2.8	0.000530715	4.39704E-05	-4.39704E-05	0	0
2.9	2.8	3	0.000348728	3.49447E-05	-3.49447E-05	0	0
							
centrality	40	60	5.7	0			
pt	ptlow	pthigh	inv.yield	stat +	stat -	sys +	sys -
0.55	0.5	0.6	0.568205	0.00336381	-0.00336381	0	0
0.65	0.6	0.7	0.324222	0.00229237	-0.00229237	0	0
0.75	0.7	0.8	0.206564	0.00172544	-0.00172544	0	0
0.85	0.8	0.9	0.12453	0.00124711	-0.00124711	0	0
0.95	0.9	1	0.0798993	0.000946632	-0.000946632	0	0
1.05	1	1.1	0.0522274	0.000733924	-0.000733924	0	0
1.15	1.1	1.2	0.0372038	0.000610473	-0.000610473	0	0
1.25	1.2	1.3	0.024698	0.000464513	-0.000464513	0	0
1.35	1.3	1.4	0.017168	0.000371726	-0.000371726	0	0
1.5	1.4	1.6	0.0101939	0.000274505	-0.000274505	0	0
1.7	1.6	1.8	0.00534386	0.000186074	-0.000186074	0	0
1.9	1.8	2	0.00296827	0.000133078	-0.000133078	0	0
2.1	2	2.2	0.0015289	8.90814E-05	-8.90814E-05	0	0
2.3	2.2	2.4	0.000917865	6.44949E-05	-6.44949E-05	0	0
2.5	2.4	2.6	0.000630545	5.57725E-05	-5.57725E-05	0	0
2.7	2.6	2.8	0.000379379	3.86058E-05	-3.86058E-05	0	0
2.9	2.8	3	0.000233494	2.98264E-05	-2.98264E-05	0	0
							
centrality	60	84	3.5	0			
pt	ptlow	pthigh	inv.yield	stat +	stat -	sys +	sys -
0.55	0.5	0.6	0.351814	0.0024887	-0.0024887	0	0
0.65	0.6	0.7	0.199323	0.00168997	-0.00168997	0	0
0.75	0.7	0.8	0.122548	0.00124958	-0.00124958	0	0
0.85	0.8	0.9	0.0734888	0.000900771	-0.000900771	0	0
0.95	0.9	1	0.0465707	0.000679521	-0.000679521	0	0
1.05	1	1.1	0.0301152	0.000524001	-0.000524001	0	0
1.15	1.1	1.2	0.0208815	0.000430022	-0.000430022	0	0
1.25	1.2	1.3	0.0135082	0.000323001	-0.000323001	0	0
1.35	1.3	1.4	0.00934256	0.00025783	-0.00025783	0	0
1.5	1.4	1.6	0.00535553	0.000187178	-0.000187178	0	0
1.7	1.6	1.8	0.0029221	0.000129464	-0.000129464	0	0
1.9	1.8	2	0.00148425	8.84467E-05	-8.84467E-05	0	0
2.1	2	2.2	0.000797902	6.04786E-05	-6.04786E-05	0	0
2.3	2.2	2.4	0.000449146	4.22785E-05	-4.22785E-05	0	0
2.5	2.4	2.6	0.000318009	3.72489E-05	-3.72489E-05	0	0
2.7	2.6	2.8	0.000184156	2.54042E-05	-2.54042E-05	0	0
2.9	2.8	3	0.000106588	1.88753E-05	-1.88753E-05	0	0
