centrality	0	5	687.4	0			
pt	ptlow	pthigh	inv.yield	stat +	stat -	sys +	sys -
0.65	0.6	0.7	2.9	0	0	0.093	-0.093
0.75	0.7	0.8	2.65	0	0	0.085	-0.085
0.85	0.8	0.9	2.28	0	0	0.073	-0.073
0.95	0.9	1	2	0	0	0.066	-0.066
1.05	1	1.1	1.68	0	0	0.057	-0.057
1.15	1.1	1.2	1.46	0	0	0.051	-0.051
1.25	1.2	1.3	1.16	0	0	0.042	-0.042
1.35	1.3	1.4	0.972	0	0	0.037	-0.037
1.45	1.4	1.5	0.742	0	0	0.029	-0.029
1.55	1.5	1.6	0.605	0	0	0.025	-0.025
1.65	1.6	1.7	0.455	0	0	0.02	-0.02
1.75	1.7	1.8	0.351	0	0	0.016	-0.016
1.85	1.8	1.9	0.285	0	0	0.014	-0.014
1.95	1.9	2	0.199	0	0	0.011	-0.011
2.1	2	2.2	0.135	0	0	0.005	-0.005
2.3	2.2	2.4	0.0769	0	0	0.0035	-0.0035
2.5	2.4	2.6	0.0439	0	0	0.0025	-0.0025
2.7	2.6	2.8	0.0244	0	0	0.0018	-0.0018
2.9	2.8	3	0.0154	0	0	0.0014	-0.0014
3.25	3	3.5	0.00598	0	0	0.00055	-0.00055
3.75	3.5	4	0.00205	0	0	0.00031	-0.00031
4.25	4	4.5	0.000896	0	0	0.00022	-0.00022
							
centrality	5	10	560.4	0			
pt	ptlow	pthigh	inv.yield	stat +	stat -	sys +	sys -
0.65	0.6	0.7	2.44	0	0	0.08	-0.08
0.75	0.7	0.8	2.24	0	0	0.073	-0.073
0.85	0.8	0.9	1.91	0	0	0.063	-0.063
0.95	0.9	1	1.66	0	0	0.055	-0.055
1.05	1	1.1	1.43	0	0	0.049	-0.049
1.15	1.1	1.2	1.22	0	0	0.043	-0.043
1.25	1.2	1.3	0.951	0	0	0.035	-0.035
1.35	1.3	1.4	0.796	0	0	0.031	-0.031
1.45	1.4	1.5	0.609	0	0	0.025	-0.025
1.55	1.5	1.6	0.508	0	0	0.022	-0.022
1.65	1.6	1.7	0.377	0	0	0.017	-0.017
1.75	1.7	1.8	0.276	0	0	0.014	-0.014
1.85	1.8	1.9	0.228	0	0	0.012	-0.012
1.95	1.9	2	0.161	0	0	0.0093	-0.0093
2.1	2	2.2	0.112	0	0	0.0044	-0.0044
2.3	2.2	2.4	0.0673	0	0	0.0032	-0.0032
2.5	2.4	2.6	0.0367	0	0	0.0022	-0.0022
2.7	2.6	2.8	0.0227	0	0	0.0017	-0.0017
2.9	2.8	3	0.0116	0	0	0.0012	-0.0012
3.25	3	3.5	0.00517	0	0	0.0005	-0.0005
3.75	3.5	4	0.00168	0	0	0.00028	-0.00028
4.25	4	4.5	0.000704	0	0	0.00019	-0.00019
							
centrality	10	15	456.8	0			
pt	ptlow	pthigh	inv.yield	stat +	stat -	sys +	sys -
0.65	0.6	0.7	2.09	0	0	0.069	-0.069
0.75	0.7	0.8	1.87	0	0	0.062	-0.062
0.85	0.8	0.9	1.6	0	0	0.053	-0.053
0.95	0.9	1	1.41	0	0	0.048	-0.048
1.05	1	1.1	1.16	0	0	0.041	-0.041
1.15	1.1	1.2	0.985	0	0	0.036	-0.036
1.25	1.2	1.3	0.792	0	0	0.03	-0.03
1.35	1.3	1.4	0.655	0	0	0.026	-0.026
1.45	1.4	1.5	0.507	0	0	0.021	-0.021
1.55	1.5	1.6	0.421	0	0	0.019	-0.019
1.65	1.6	1.7	0.302	0	0	0.014	-0.014
1.75	1.7	1.8	0.229	0	0	0.012	-0.012
1.85	1.8	1.9	0.179	0	0	0.01	-0.01
1.95	1.9	2	0.136	0	0	0.0082	-0.0082
2.1	2	2.2	0.0918	0	0	0.0038	-0.0038
2.3	2.2	2.4	0.0539	0	0	0.0027	-0.0027
2.5	2.4	2.6	0.0305	0	0	0.002	-0.002
2.7	2.6	2.8	0.0178	0	0	0.0015	-0.0015
2.9	2.8	3	0.0104	0	0	0.0011	-0.0011
3.25	3	3.5	0.00404	0	0	0.00043	-0.00043
3.75	3.5	4	0.00145	0	0	0.00025	-0.00025
4.25	4	4.5	0.00047	0	0	0.00015	-0.00015
							
centrality	15	20	371.5	0			
pt	ptlow	pthigh	inv.yield	stat +	stat -	sys +	sys -
0.65	0.6	0.7	1.76	0	0	0.06	-0.06
0.75	0.7	0.8	1.59	0	0	0.054	-0.054
0.85	0.8	0.9	1.34	0	0	0.046	-0.046
0.95	0.9	1	1.16	0	0	0.041	-0.041
1.05	1	1.1	0.975	0	0	0.035	-0.035
1.15	1.1	1.2	0.838	0	0	0.031	-0.031
1.25	1.2	1.3	0.647	0	0	0.025	-0.025
1.35	1.3	1.4	0.535	0	0	0.022	-0.022
1.45	1.4	1.5	0.404	0	0	0.018	-0.018
1.55	1.5	1.6	0.333	0	0	0.016	-0.016
1.65	1.6	1.7	0.26	0	0	0.013	-0.013
1.75	1.7	1.8	0.186	0	0	0.01	-0.01
1.85	1.8	1.9	0.151	0	0	0.0089	-0.0089
1.95	1.9	2	0.106	0	0	0.0069	-0.0069
2.1	2	2.2	0.0741	0	0	0.0033	-0.0033
2.3	2.2	2.4	0.0446	0	0	0.0024	-0.0024
2.5	2.4	2.6	0.0252	0	0	0.0017	-0.0017
2.7	2.6	2.8	0.0155	0	0	0.0013	-0.0013
2.9	2.8	3	0.00835	0	0	0.00095	-0.00095
3.25	3	3.5	0.00351	0	0	0.00039	-0.00039
3.75	3.5	4	0.00118	0	0	0.00022	-0.00022
4.25	4	4.5	0.000464	0	0	0.00014	-0.00014
							
centrality	20	30	274	0			
pt	ptlow	pthigh	inv.yield	stat +	stat -	sys +	sys -
0.65	0.6	0.7	1.37	0	0	0.044	-0.044
0.75	0.7	0.8	1.24	0	0	0.04	-0.04
0.85	0.8	0.9	1.02	0	0	0.033	-0.033
0.95	0.9	1	0.89	0	0	0.029	-0.029
1.05	1	1.1	0.741	0	0	0.025	-0.025
1.15	1.1	1.2	0.627	0	0	0.022	-0.022
1.25	1.2	1.3	0.483	0	0	0.018	-0.018
1.35	1.3	1.4	0.393	0	0	0.015	-0.015
1.45	1.4	1.5	0.29	0	0	0.012	-0.012
1.55	1.5	1.6	0.242	0	0	0.01	-0.01
1.65	1.6	1.7	0.18	0	0	0.0081	-0.0081
1.75	1.7	1.8	0.136	0	0	0.0066	-0.0066
1.85	1.8	1.9	0.108	0	0	0.0057	-0.0057
1.95	1.9	2	0.0798	0	0	0.0045	-0.0045
2.1	2	2.2	0.0563	0	0	0.0021	-0.0021
2.3	2.2	2.4	0.0319	0	0	0.0015	-0.0015
2.5	2.4	2.6	0.0179	0	0	0.0011	-0.0011
2.7	2.6	2.8	0.0108	0	0	0.0008	-0.0008
2.9	2.8	3	0.00605	0	0	0.00058	-0.00058
3.25	3	3.5	0.00254	0	0	0.00024	-0.00024
3.75	3.5	4	0.00082	0	0	0.00013	-0.00013
4.25	4	4.5	0.000307	0	0	0.000083	-0.000083
							
centrality	30	40	176.8	0			
pt	ptlow	pthigh	inv.yield	stat +	stat -	sys +	sys -
0.65	0.6	0.7	0.968	0	0	0.032	-0.032
0.75	0.7	0.8	0.852	0	0	0.029	-0.029
0.85	0.8	0.9	0.706	0	0	0.024	-0.024
0.95	0.9	1	0.579	0	0	0.02	-0.02
1.05	1	1.1	0.483	0	0	0.017	-0.017
1.15	1.1	1.2	0.393	0	0	0.015	-0.015
1.25	1.2	1.3	0.309	0	0	0.012	-0.012
1.35	1.3	1.4	0.246	0	0	0.01	-0.01
1.45	1.4	1.5	0.189	0	0	0.0083	-0.0083
1.55	1.5	1.6	0.149	0	0	0.0071	-0.0071
1.65	1.6	1.7	0.11	0	0	0.0056	-0.0056
1.75	1.7	1.8	0.0852	0	0	0.0047	-0.0047
1.85	1.8	1.9	0.0668	0	0	0.004	-0.004
1.95	1.9	2	0.0472	0	0	0.0032	-0.0032
2.1	2	2.2	0.0332	0	0	0.0015	-0.0015
2.3	2.2	2.4	0.0196	0	0	0.0011	-0.0011
2.5	2.4	2.6	0.0107	0	0	0.00078	-0.00078
2.7	2.6	2.8	0.00678	0	0	0.00061	-0.00061
2.9	2.8	3	0.0041	0	0	0.00047	-0.00047
3.25	3	3.5	0.00164	0	0	0.00019	-0.00019
3.75	3.5	4	0.000566	0	0	0.00011	-0.00011
4.25	4	4.5	0.000193	0	0	0.000064	-0.000064
							
centrality	40	50	109.4	0			
pt	ptlow	pthigh	inv.yield	stat +	stat -	sys +	sys -
0.65	0.6	0.7	0.631	0	0	0.022	-0.022
0.75	0.7	0.8	0.539	0	0	0.019	-0.019
0.85	0.8	0.9	0.433	0	0	0.016	-0.016
0.95	0.9	1	0.36	0	0	0.014	-0.014
1.05	1	1.1	0.296	0	0	0.012	-0.012
1.15	1.1	1.2	0.233	0	0	0.0097	-0.0097
1.25	1.2	1.3	0.177	0	0	0.0079	-0.0079
1.35	1.3	1.4	0.14	0	0	0.0067	-0.0067
1.45	1.4	1.5	0.105	0	0	0.0054	-0.0054
1.55	1.5	1.6	0.0839	0	0	0.0047	-0.0047
1.65	1.6	1.7	0.0602	0	0	0.0037	-0.0037
1.75	1.7	1.8	0.0464	0	0	0.0031	-0.0031
1.85	1.8	1.9	0.0364	0	0	0.0027	-0.0027
1.95	1.9	2	0.0253	0	0	0.0021	-0.0021
2.1	2	2.2	0.0182	0	0	0.001	-0.001
2.3	2.2	2.4	0.00961	0	0	0.00072	-0.00072
2.5	2.4	2.6	0.00583	0	0	0.00055	-0.00055
2.7	2.6	2.8	0.00373	0	0	0.00044	-0.00044
2.9	2.8	3	0.0022	0	0	0.00033	-0.00033
3.25	3	3.5	0.000836	0	0	0.00013	-0.00013
3.75	3.5	4	0.000325	0	0	0.000078	-0.000078
4.25	4	4.5	0.000107	0	0	0.000047	-0.000047
							
centrality	50	60	61.6	0			
pt	ptlow	pthigh	inv.yield	stat +	stat -	sys +	sys -
0.65	0.6	0.7	0.382	0	0	0.015	-0.015
0.75	0.7	0.8	0.325	0	0	0.013	-0.013
0.85	0.8	0.9	0.26	0	0	0.011	-0.011
0.95	0.9	1	0.208	0	0	0.0091	-0.0091
1.05	1	1.1	0.161	0	0	0.0075	-0.0075
1.15	1.1	1.2	0.124	0	0	0.0062	-0.0062
1.25	1.2	1.3	0.092	0	0	0.005	-0.005
1.35	1.3	1.4	0.0734	0	0	0.0044	-0.0044
1.45	1.4	1.5	0.0498	0	0	0.0033	-0.0033
1.55	1.5	1.6	0.0443	0	0	0.0031	-0.0031
1.65	1.6	1.7	0.0329	0	0	0.0026	-0.0026
1.75	1.7	1.8	0.0237	0	0	0.0021	-0.0021
1.85	1.8	1.9	0.018	0	0	0.0018	-0.0018
1.95	1.9	2	0.0124	0	0	0.0014	-0.0014
2.1	2	2.2	0.00933	0	0	0.00072	-0.00072
2.3	2.2	2.4	0.00486	0	0	0.0005	-0.0005
2.5	2.4	2.6	0.00301	0	0	0.00039	-0.00039
2.7	2.6	2.8	0.00166	0	0	0.00029	-0.00029
2.9	2.8	3	0.00103	0	0	0.00022	-0.00022
3.25	3	3.5	0.000401	0	0	0.000087	-0.000087
3.75	3.5	4	0.000145	0	0	0.000052	-0.000052
4.25	4	4.5	0.0000494	0	0	0.000032	-0.000032
							
centrality	60	70	32	0			
pt	ptlow	pthigh	inv.yield	stat +	stat -	sys +	sys -
0.65	0.6	0.7	0.204	0	0	0.0097	-0.0097
0.75	0.7	0.8	0.165	0	0	0.0081	-0.0081
0.85	0.8	0.9	0.127	0	0	0.0065	-0.0065
0.95	0.9	1	0.1	0	0	0.0055	-0.0055
1.05	1	1.1	0.0743	0	0	0.0045	-0.0045
1.15	1.1	1.2	0.0588	0	0	0.0038	-0.0038
1.25	1.2	1.3	0.0398	0	0	0.003	-0.003
1.35	1.3	1.4	0.0341	0	0	0.0027	-0.0027
1.45	1.4	1.5	0.0241	0	0	0.0022	-0.0022
1.55	1.5	1.6	0.0169	0	0	0.0018	-0.0018
1.65	1.6	1.7	0.013	0	0	0.0015	-0.0015
1.75	1.7	1.8	0.00976	0	0	0.0013	-0.0013
1.85	1.8	1.9	0.00716	0	0	0.0011	-0.0011
1.95	1.9	2	0.00534	0	0	0.00091	-0.00091
2.1	2	2.2	0.00347	0	0	0.00042	-0.00042
2.3	2.2	2.4	0.00228	0	0	0.00034	-0.00034
2.5	2.4	2.6	0.000991	0	0	0.00022	-0.00022
2.7	2.6	2.8	0.000631	0	0	0.00017	-0.00017
2.9	2.8	3	0.000462	0	0	0.00015	-0.00015
3.25	3	3.5	0.000166	0	0	0.000055	-0.000055
3.75	3.5	4	0.0000572	0	0	0.000032	-0.000032
4.25	4	4.5	0.000024	0	0	0.000022	-0.000022
							
centrality	70	80	16	0			
pt	ptlow	pthigh	inv.yield	stat +	stat -	sys +	sys -
0.65	0.6	0.7	0.0909	0	0	0.0059	-0.0059
0.75	0.7	0.8	0.0704	0	0	0.0049	-0.0049
0.85	0.8	0.9	0.0541	0	0	0.004	-0.004
0.95	0.9	1	0.0411	0	0	0.0033	-0.0033
1.05	1	1.1	0.0314	0	0	0.0028	-0.0028
1.15	1.1	1.2	0.024	0	0	0.0023	-0.0023
1.25	1.2	1.3	0.0168	0	0	0.0019	-0.0019
1.35	1.3	1.4	0.0121	0	0	0.0016	-0.0016
1.45	1.4	1.5	0.00902	0	0	0.0013	-0.0013
1.55	1.5	1.6	0.00698	0	0	0.0011	-0.0011
1.65	1.6	1.7	0.00457	0	0	0.0009	-0.0009
1.75	1.7	1.8	0.00381	0	0	0.0008	-0.0008
1.85	1.8	1.9	0.00256	0	0	0.00066	-0.00066
1.95	1.9	2	0.00204	0	0	0.00057	-0.00057
2.1	2	2.2	0.00134	0	0	0.00027	-0.00027
2.3	2.2	2.4	0.000606	0	0	0.00018	-0.00018
2.5	2.4	2.6	0.000391	0	0	0.00014	-0.00014
2.7	2.6	2.8	0.000237	0	0	0.00011	-0.00011
2.9	2.8	3	0.000106	0	0	0.000073	-0.000073
3.25	3	3.5	0.0000673	0	0	0.000036	-0.000036
3.75	3.5	4	0.0000213	0	0	0.000019	-0.000019
4.25	4	4.5	0.0000102	0	0	0.000015	-0.000015
							
centrality	80	92	7	0			
pt	ptlow	pthigh	inv.yield	stat +	stat -	sys +	sys -
0.65	0.6	0.7	0.0496	0	0	0.0042	-0.0042
0.75	0.7	0.8	0.0379	0	0	0.0034	-0.0034
0.85	0.8	0.9	0.0262	0	0	0.0027	-0.0027
0.95	0.9	1	0.0206	0	0	0.0023	-0.0023
1.05	1	1.1	0.0154	0	0	0.0019	-0.0019
1.15	1.1	1.2	0.00808	0	0	0.0013	-0.0013
1.25	1.2	1.3	0.00694	0	0	0.0012	-0.0012
1.35	1.3	1.4	0.00584	0	0	0.0011	-0.0011
1.45	1.4	1.5	0.00361	0	0	0.00081	-0.00081
1.55	1.5	1.6	0.00219	0	0	0.00063	-0.00063
1.65	1.6	1.7	0.00136	0	0	0.00048	-0.00048
1.75	1.7	1.8	0.0014	0	0	0.00048	-0.00048
1.85	1.8	1.9	0.000809	0	0	0.00037	-0.00037
1.95	1.9	2	0.000846	0	0	0.00036	-0.00036
2.1	2	2.2	0.000408	0	0	0.00015	-0.00015
2.3	2.2	2.4	0.000288	0	0	0.00012	-0.00012
2.5	2.4	2.6	0.000219	0	0	0.0001	-0.0001
2.7	2.6	2.8	0.000112	0	0	0.000074	-0.000074
2.9	2.8	3	0.0000322	0	0	0.00004	-0.00004
3.25	3	3.5	0.0000202	0	0	0.00002	-0.00002
