centrality	0	20	16.4	1.2			
pt	ptlow	pthigh	inv.yield	stat +	stat -	sys +	sys -
0.55	0.5	0.6	0.250919	0.00615895	-0.00615895	0.03261947	-0.03261947
0.65	0.6	0.7	0.177498	0.00359708	-0.00359708	0.02307474	-0.02307474
0.75	0.7	0.8	0.137035	0.00256531	-0.00256531	0.01781455	-0.01781455
0.85	0.8	0.9	0.0968444	0.00168134	-0.00168134	0.012589772	-0.012589772
0.95	0.9	1	0.0707686	0.00118765	-0.00118765	0.009199918	-0.009199918
1.05	1	1.1	0.0518797	0.000854414	-0.000854414	0.006744361	-0.006744361
1.15	1.1	1.2	0.0372544	0.000602495	-0.000602495	0.004843072	-0.004843072
1.25	1.2	1.3	0.0269515	0.000431467	-0.000431467	0.003503695	-0.003503695
1.35	1.3	1.4	0.0197476	0.000314124	-0.000314124	0.002567188	-0.002567188
1.45	1.4	1.5	0.0146036	0.000230174	-0.000230174	0.001898468	-0.001898468
1.55	1.5	1.6	0.0113212	0.000181375	-0.000181375	0.001471756	-0.001471756
1.65	1.6	1.7	0.00863061	0.000140269	-0.000140269	0.001121979	-0.001121979
1.75	1.7	1.8	0.00648503	0.000106805	-0.000106805	0.000843054	-0.000843054
1.85	1.8	1.9	0.00497353	8.38E-05	-8.38E-05	0.000646559	-0.000646559
1.95	1.9	2	0.00374531	6.41E-05	-6.41E-05	0.00048689	-0.00048689
2.1	2	2.2	0.00274637	3.52E-05	-3.52E-05	0.000357028	-0.000357028
2.3	2.2	2.4	0.00176314	2.41E-05	-2.41E-05	0.000229208	-0.000229208
2.5	2.4	2.6	0.00108277	1.73E-05	-1.73E-05	0.00014076	-0.00014076
2.7	2.6	2.8	0.000675111	1.31E-05	-1.31E-05	8.78E-05	-8.78E-05
2.9	2.8	3	0.000432405	1.04E-05	-1.04E-05	5.62E-05	-5.62E-05
3.25	3	3.5	0.000214351	4.80E-06	-4.80E-06	2.79E-05	-2.79E-05
							
centrality	20	40	12.2	9.00E-01			
pt	ptlow	pthigh	inv.yield	stat +	stat -	sys +	sys -
0.55	0.5	0.6	0.185841	0.00459135	-0.00459135	0.02415933	-0.02415933
0.65	0.6	0.7	0.130163	0.0026573	-0.0026573	0.01692119	-0.01692119
0.75	0.7	0.8	0.0998151	0.00188861	-0.00188861	0.012975963	-0.012975963
0.85	0.8	0.9	0.069568	0.00122199	-0.00122199	0.00904384	-0.00904384
0.95	0.9	1	0.0501126	0.000854706	-0.000854706	0.006514638	-0.006514638
1.05	1	1.1	0.0364341	0.000612383	-0.000612383	0.004736433	-0.004736433
1.15	1.1	1.2	0.0262284	0.000434837	-0.000434837	0.003409692	-0.003409692
1.25	1.2	1.3	0.0191631	0.000315931	-0.000315931	0.002491203	-0.002491203
1.35	1.3	1.4	0.0137745	0.000227804	-0.000227804	0.001790685	-0.001790685
1.45	1.4	1.5	0.0100755	0.000166603	-0.000166603	0.001309815	-0.001309815
1.55	1.5	1.6	0.00788334	0.000133181	-0.000133181	0.001024834	-0.001024834
1.65	1.6	1.7	0.00592084	0.000102671	-0.000102671	0.000769709	-0.000769709
1.75	1.7	1.8	0.0045268	8.00E-05	-8.00E-05	0.000588484	-0.000588484
1.85	1.8	1.9	0.00352913	6.44E-05	-6.44E-05	0.000458787	-0.000458787
1.95	1.9	2	0.00264883	4.97E-05	-4.97E-05	0.000344348	-0.000344348
2.1	2	2.2	0.00195897	2.78E-05	-2.78E-05	0.000254666	-0.000254666
2.3	2.2	2.4	0.00128153	1.96E-05	-1.96E-05	0.000166599	-0.000166599
2.5	2.4	2.6	0.000764276	1.41E-05	-1.41E-05	9.94E-05	-9.94E-05
2.7	2.6	2.8	0.000487531	1.09E-05	-1.09E-05	6.34E-05	-6.34E-05
2.9	2.8	3	0.000319606	8.84E-06	-8.84E-06	4.15E-05	-4.15E-05
3.25	3	3.5	0.000171703	4.40E-06	-4.40E-06	2.23E-05	-2.23E-05
							
centrality	40	60	8.7	6.00E-01			
pt	ptlow	pthigh	inv.yield	stat +	stat -	sys +	sys -
0.55	0.5	0.6	0.130277	0.00324781	-0.00324781	0.01693601	-0.01693601
0.65	0.6	0.7	0.0901839	0.00186491	-0.00186491	0.011723907	-0.011723907
0.75	0.7	0.8	0.0672582	0.00129397	-0.00129397	0.008743566	-0.008743566
0.85	0.8	0.9	0.0461227	0.000828417	-0.000828417	0.005995951	-0.005995951
0.95	0.9	1	0.0329815	0.000577381	-0.000577381	0.004287595	-0.004287595
1.05	1	1.1	0.0240036	0.000416823	-0.000416823	0.003120468	-0.003120468
1.15	1.1	1.2	0.0171222	0.000295611	-0.000295611	0.002225886	-0.002225886
1.25	1.2	1.3	0.0123074	0.000213523	-0.000213523	0.001599962	-0.001599962
1.35	1.3	1.4	0.00887452	0.000156296	-0.000156296	0.001153688	-0.001153688
1.45	1.4	1.5	0.0065991	0.000117274	-0.000117274	0.000857883	-0.000857883
1.55	1.5	1.6	0.00502918	9.25E-05	-9.25E-05	0.000653793	-0.000653793
1.65	1.6	1.7	0.00376703	7.20E-05	-7.20E-05	0.000489714	-0.000489714
1.75	1.7	1.8	0.00289894	5.70E-05	-5.70E-05	0.000376862	-0.000376862
1.85	1.8	1.9	0.00212096	4.43E-05	-4.43E-05	0.000275725	-0.000275725
1.95	1.9	2	0.00159726	3.48E-05	-3.48E-05	0.000207644	-0.000207644
2.1	2	2.2	0.0012376	2.05E-05	-2.05E-05	0.000160888	-0.000160888
2.3	2.2	2.4	0.000809932	1.47E-05	-1.47E-05	0.000105291	-0.000105291
2.5	2.4	2.6	0.000489742	1.09E-05	-1.09E-05	6.37E-05	-6.37E-05
2.7	2.6	2.8	0.000306663	8.43E-06	-8.43E-06	3.99E-05	-3.99E-05
2.9	2.8	3	0.000209119	7.13E-06	-7.13E-06	2.72E-05	-2.72E-05
3.25	3	3.5	0.000107679	3.46E-06	-3.46E-06	1.40E-05	-1.40E-05
							
centrality	60	88	4.1	3.00E-01			
pt	ptlow	pthigh	inv.yield	stat +	stat -	sys +	sys -
0.55	0.5	0.6	0.066453	0.00167498	-0.00167498	0.00863889	-0.00863889
0.65	0.6	0.7	0.0446918	0.000940731	-0.000940731	0.005809934	-0.005809934
0.75	0.7	0.8	0.0321893	0.00063258	-0.00063258	0.004184609	-0.004184609
0.85	0.8	0.9	0.0218606	0.000403895	-0.000403895	0.002841878	-0.002841878
0.95	0.9	1	0.014932	0.000272344	-0.000272344	0.00194116	-0.00194116
1.05	1	1.1	0.0109243	0.000199003	-0.000199003	0.001420159	-0.001420159
1.15	1.1	1.2	0.00762502	0.000139892	-0.000139892	0.000991253	-0.000991253
1.25	1.2	1.3	0.00549517	0.000102446	-0.000102446	0.000714372	-0.000714372
1.35	1.3	1.4	0.00388152	7.49E-05	-7.49E-05	0.000504598	-0.000504598
1.45	1.4	1.5	0.00279727	5.55E-05	-5.55E-05	0.000363645	-0.000363645
1.55	1.5	1.6	0.00210931	4.40E-05	-4.40E-05	0.00027421	-0.00027421
1.65	1.6	1.7	0.00159735	3.50E-05	-3.50E-05	0.000207656	-0.000207656
1.75	1.7	1.8	0.00122902	2.81E-05	-2.81E-05	0.000159773	-0.000159773
1.85	1.8	1.9	0.000934434	2.29E-05	-2.29E-05	0.000121476	-0.000121476
1.95	1.9	2	0.000704478	1.82E-05	-1.82E-05	9.16E-05	-9.16E-05
2.1	2	2.2	0.000516822	1.04E-05	-1.04E-05	6.72E-05	-6.72E-05
2.3	2.2	2.4	0.000338701	7.57E-06	-7.57E-06	4.40E-05	-4.40E-05
2.5	2.4	2.6	0.00019834	5.54E-06	-5.54E-06	2.58E-05	-2.58E-05
2.7	2.6	2.8	0.000130569	4.51E-06	-4.51E-06	1.70E-05	-1.70E-05
2.9	2.8	3	9.23E-05	3.96E-06	-3.96E-06	1.20E-05	-1.20E-05
3.25	3	3.5	4.26E-05	1.81E-06	-1.81E-06	5.54E-06	-5.54E-06
