centrality	0	20	16.4	1.2			
pt	ptlow	pthigh	inv.yield	stat +	stat -	sys +	sys -
0.55	0.5	0.6	1.52834	0.0205072	-0.0205072	0.1222672	-0.1222672
0.65	0.6	0.7	0.971095	0.0121813	-0.0121813	0.0776876	-0.0776876
0.75	0.7	0.8	0.637272	0.00775554	-0.00775554	0.05098176	-0.05098176
0.85	0.8	0.9	0.421628	0.00501413	-0.00501413	0.03373024	-0.03373024
0.95	0.9	1	0.279364	0.00327791	-0.00327791	0.02234912	-0.02234912
1.05	1	1.1	0.192426	0.00226492	-0.00226492	0.01539408	-0.01539408
1.15	1.1	1.2	0.132787	0.00156867	-0.00156867	0.01062296	-0.01062296
1.25	1.2	1.3	0.0933511	0.00111376	-0.00111376	0.007468088	-0.007468088
1.35	1.3	1.4	0.0654572	0.000778701	-0.000778701	0.005236576	-0.005236576
1.45	1.4	1.5	0.0473884	0.000566534	-0.000566534	0.003791072	-0.003791072
1.55	1.5	1.6	0.0346611	0.000421304	-0.000421304	0.002772888	-0.002772888
1.65	1.6	1.7	0.02452	0.000296998	-0.000296998	0.0019616	-0.0019616
1.75	1.7	1.8	0.0185403	0.000229522	-0.000229522	0.001483224	-0.001483224
1.85	1.8	1.9	0.0133661	0.000166698	-0.000166698	0.001069288	-0.001069288
1.95	1.9	2	0.0101153	0.000128947	-0.000128947	0.000809224	-0.000809224
2.1	2	2.2	0.0067931	6.43E-05	-6.43E-05	0.000543448	-0.000543448
2.3	2.2	2.4	0.00392306	3.98E-05	-3.98E-05	0.000313845	-0.000313845
2.5	2.4	2.6	0.0023695	2.73E-05	-2.73E-05	0.00018956	-0.00018956
2.7	2.6	2.8	0.00147865	1.99E-05	-1.99E-05	0.000118292	-0.000118292
2.9	2.8	3	0.000918011	1.51E-05	-1.51E-05	7.34E-05	-7.34E-05
3.25	3	3.5	0.000446667	6.77E-06	-6.77E-06	4.02E-05	-4.02E-05
3.75	3.5	4	0.000154305	4.37E-06	-4.37E-06	1.39E-05	-1.39E-05
4.25	4	4.5	5.53E-05	2.85E-06	-2.85E-06	4.98E-06	-4.98E-06
4.75	4.5	5	2.47E-05	2.15E-06	-2.15E-06	2.22E-06	-2.22E-06
							
centrality	20	40	12.2	9.00E-01			
pt	ptlow	pthigh	inv.yield	stat +	stat -	sys +	sys -
0.55	0.5	0.6	1.14029	0.0153117	-0.0153117	0.0912232	-0.0912232
0.65	0.6	0.7	0.719917	0.00904768	-0.00904768	0.05759336	-0.05759336
0.75	0.7	0.8	0.468775	0.0057125	-0.0057125	0.037502	-0.037502
0.85	0.8	0.9	0.307383	0.00366412	-0.00366412	0.02459064	-0.02459064
0.95	0.9	1	0.201883	0.00237901	-0.00237901	0.01615064	-0.01615064
1.05	1	1.1	0.138413	0.00163793	-0.00163793	0.01107304	-0.01107304
1.15	1.1	1.2	0.0953345	0.0011347	-0.0011347	0.00762676	-0.00762676
1.25	1.2	1.3	0.0665888	0.00080209	-0.00080209	0.005327104	-0.005327104
1.35	1.3	1.4	0.0466518	0.000561994	-0.000561994	0.003732144	-0.003732144
1.45	1.4	1.5	0.033308	0.000405033	-0.000405033	0.00266464	-0.00266464
1.55	1.5	1.6	0.0242337	0.0003009	-0.0003009	0.001938696	-0.001938696
1.65	1.6	1.7	0.0172111	0.000214025	-0.000214025	0.001376888	-0.001376888
1.75	1.7	1.8	0.0129133	0.000165189	-0.000165189	0.001033064	-0.001033064
1.85	1.8	1.9	0.00935632	0.000121576	-0.000121576	0.000748506	-0.000748506
1.95	1.9	2	0.00703601	9.43E-05	-9.43E-05	0.000562881	-0.000562881
2.1	2	2.2	0.00471556	4.77E-05	-4.77E-05	0.000377245	-0.000377245
2.3	2.2	2.4	0.00270441	2.99E-05	-2.99E-05	0.000216353	-0.000216353
2.5	2.4	2.6	0.0016462	2.11E-05	-2.11E-05	0.000131696	-0.000131696
2.7	2.6	2.8	0.000987734	1.53E-05	-1.53E-05	7.90E-05	-7.90E-05
2.9	2.8	3	0.000632558	1.21E-05	-1.21E-05	5.06E-05	-5.06E-05
3.25	3	3.5	0.00028624	5.31E-06	-5.31E-06	2.58E-05	-2.58E-05
3.75	3.5	4	9.75E-05	3.46E-06	-3.46E-06	8.77E-06	-8.77E-06
4.25	4	4.5	4.24E-05	2.62E-06	-2.62E-06	3.81E-06	-3.81E-06
4.75	4.5	5	1.61E-05	1.69E-06	-1.69E-06	1.45E-06	-1.45E-06
							
centrality	40	60	8.7	6.00E-01			
pt	ptlow	pthigh	inv.yield	stat +	stat -	sys +	sys -
0.55	0.5	0.6	0.805412	0.0108411	-0.0108411	0.06443296	-0.06443296
0.65	0.6	0.7	0.50111	0.00630961	-0.00630961	0.0400888	-0.0400888
0.75	0.7	0.8	0.322087	0.00393667	-0.00393667	0.02576696	-0.02576696
0.85	0.8	0.9	0.209062	0.00250299	-0.00250299	0.01672496	-0.01672496
0.95	0.9	1	0.136105	0.00161503	-0.00161503	0.0108884	-0.0108884
1.05	1	1.1	0.0919278	0.00109818	-0.00109818	0.007354224	-0.007354224
1.15	1.1	1.2	0.0629378	0.000758873	-0.000758873	0.005035024	-0.005035024
1.25	1.2	1.3	0.0440506	0.000539004	-0.000539004	0.003524048	-0.003524048
1.35	1.3	1.4	0.0302348	0.000372411	-0.000372411	0.002418784	-0.002418784
1.45	1.4	1.5	0.0215022	0.000268965	-0.000268965	0.001720176	-0.001720176
1.55	1.5	1.6	0.0157214	0.00020219	-0.00020219	0.001257712	-0.001257712
1.65	1.6	1.7	0.0110447	0.000143642	-0.000143642	0.000883576	-0.000883576
1.75	1.7	1.8	0.00822848	0.000111214	-0.000111214	0.000658278	-0.000658278
1.85	1.8	1.9	0.00596417	8.30E-05	-8.30E-05	0.000477134	-0.000477134
1.95	1.9	2	0.00446652	6.49E-05	-6.49E-05	0.000357322	-0.000357322
2.1	2	2.2	0.00300636	3.35E-05	-3.35E-05	0.000240509	-0.000240509
2.3	2.2	2.4	0.00174236	2.18E-05	-2.18E-05	0.000139389	-0.000139389
2.5	2.4	2.6	0.00101416	1.52E-05	-1.52E-05	8.11E-05	-8.11E-05
2.7	2.6	2.8	0.000615328	1.14E-05	-1.14E-05	4.92E-05	-4.92E-05
2.9	2.8	3	0.00036914	8.85E-06	-8.85E-06	2.95E-05	-2.95E-05
3.25	3	3.5	0.00017774	4.12E-06	-4.12E-06	1.60E-05	-1.60E-05
3.75	3.5	4	5.68E-05	2.63E-06	-2.63E-06	5.12E-06	-5.12E-06
4.25	4	4.5	2.42E-05	1.95E-06	-1.95E-06	2.17E-06	-2.17E-06
4.75	4.5	5	9.72E-06	1.36E-06	-1.36E-06	8.75E-07	-8.75E-07
							
centrality	60	88	4.1	3.00E-01			
pt	ptlow	pthigh	inv.yield	stat +	stat -	sys +	sys -
0.55	0.5	0.6	0.416342	0.00561416	-0.00561416	0.03330736	-0.03330736
0.65	0.6	0.7	0.252346	0.00318668	-0.00318668	0.02018768	-0.02018768
0.75	0.7	0.8	0.157714	0.00193926	-0.00193926	0.01261712	-0.01261712
0.85	0.8	0.9	0.100223	0.00120943	-0.00120943	0.00801784	-0.00801784
0.95	0.9	1	0.0636783	0.000763365	-0.000763365	0.005094264	-0.005094264
1.05	1	1.1	0.0432303	0.000523203	-0.000523203	0.003458424	-0.003458424
1.15	1.1	1.2	0.028841	0.000354609	-0.000354609	0.00230728	-0.00230728
1.25	1.2	1.3	0.0196552	0.000246961	-0.000246961	0.001572416	-0.001572416
1.35	1.3	1.4	0.0134798	0.000171772	-0.000171772	0.001078384	-0.001078384
1.45	1.4	1.5	0.0094722	0.000123732	-0.000123732	0.000757776	-0.000757776
1.55	1.5	1.6	0.00685547	9.32E-05	-9.32E-05	0.000548438	-0.000548438
1.65	1.6	1.7	0.00473765	6.61E-05	-6.61E-05	0.000379012	-0.000379012
1.75	1.7	1.8	0.00355214	5.21E-05	-5.21E-05	0.000284171	-0.000284171
1.85	1.8	1.9	0.00253988	3.91E-05	-3.91E-05	0.00020319	-0.00020319
1.95	1.9	2	0.00193709	3.15E-05	-3.15E-05	0.000154967	-0.000154967
2.1	2	2.2	0.00126257	1.62E-05	-1.62E-05	0.000101006	-0.000101006
2.3	2.2	2.4	0.000736604	1.09E-05	-1.09E-05	5.89E-05	-5.89E-05
2.5	2.4	2.6	0.00042099	7.74E-06	-7.74E-06	3.37E-05	-3.37E-05
2.7	2.6	2.8	0.000248116	5.87E-06	-5.87E-06	1.98E-05	-1.98E-05
2.9	2.8	3	0.000150046	4.57E-06	-4.57E-06	1.20E-05	-1.20E-05
3.25	3	3.5	6.87E-05	2.12E-06	-2.12E-06	6.18E-06	-6.18E-06
3.75	3.5	4	2.31E-05	1.41E-06	-1.41E-06	2.08E-06	-2.08E-06
4.25	4	4.5	1.21E-05	1.18E-06	-1.18E-06	1.08E-06	-1.08E-06
4.75	4.5	5	3.26E-06	6.47E-07	-6.47E-07	2.94E-07	-2.94E-07
