centrality	0	20  16.4    1.2					
pt	ptlow	pthigh	inv.yield	stat +	stat -	sys +	sys -
0.55	0.5	0.6	0.0498246	0.000990418	-0.000990418	0.004484214	-0.004484214
0.65	0.6	0.7	0.0539284	0.000889854	-0.000889854	0.004853556	-0.004853556
0.75	0.7	0.8	0.0500848	0.000739266	-0.000739266	0.004507632	-0.004507632
0.85	0.8	0.9	0.0444887	0.000618743	-0.000618743	0.004003983	-0.004003983
0.95	0.9	1	0.0360784	0.000482484	-0.000482484	0.003247056	-0.003247056
1.05	1	1.1	0.0292153	0.000386145	-0.000386145	0.002629377	-0.002629377
1.15	1.1	1.2	0.0232872	0.000310162	-0.000310162	0.002095848	-0.002095848
1.25	1.2	1.3	0.0177635	0.000237458	-0.000237458	0.001598715	-0.001598715
1.35	1.3	1.4	0.0138865	0.000186738	-0.000186738	0.001249785	-0.001249785
1.45	1.4	1.5	0.0106775	0.000144685	-0.000144685	0.000960975	-0.000960975
1.55	1.5	1.6	0.00825535	0.000114131	-0.000114131	0.000742982	-0.000742982
1.65	1.6	1.7	0.00617735	8.71E-05	-8.71E-05	0.000555962	-0.000555962
1.75	1.7	1.8	0.00473017	6.84E-05	-6.84E-05	0.000425715	-0.000425715
1.85	1.8	1.9	0.00360719	5.45E-05	-5.45E-05	0.000324647	-0.000324647
1.95	1.9	2	0.00265996	4.19E-05	-4.19E-05	0.000239396	-0.000239396
2.1	2	2.2	0.00186811	2.23E-05	-2.23E-05	0.00016813	-0.00016813
2.3	2.2	2.4	0.00106203	1.45E-05	-1.45E-05	9.56E-05	-9.56E-05
2.5	2.4	2.6	0.000645766	1.02E-05	-1.02E-05	5.81E-05	-5.81E-05
2.7	2.6	2.8	0.000390497	7.18E-06	-7.18E-06	3.51E-05	-3.51E-05
2.9	2.8	3	0.000246345	5.39E-06	-5.39E-06	2.22E-05	-2.22E-05
3.25	3	3.5	0.000103173	1.98E-06	-1.98E-06	1.13E-05	-1.13E-05
3.75	3.5	4	3.46E-05	1.04E-06	-1.04E-06	3.80E-06	-3.80E-06
4.25	4	4.5	1.31E-05	6.28E-07	-6.28E-07	1.44E-06	-1.44E-06
4.75	4.5	5	5.41E-06	4.28E-07	-4.28E-07	5.95E-07	-5.95E-07
							
centrality	0	100 9.5 1.0					
pt	ptlow	pthigh	inv.yield	stat +	stat -	sys +	sys -
0.55	0.5	0.6	0.0287267	0.000558349	-0.000558349	0.002585403	-0.002585403
0.65	0.6	0.7	0.0300017	0.000484678	-0.000484678	0.002700153	-0.002700153
0.75	0.7	0.8	0.0273415	0.000394795	-0.000394795	0.002460735	-0.002460735
0.85	0.8	0.9	0.0236132	0.000320839	-0.000320839	0.002125188	-0.002125188
0.95	0.9	1	0.0187925	0.000244815	-0.000244815	0.001691325	-0.001691325
1.05	1	1.1	0.0150487	0.00019307	-0.00019307	0.001354383	-0.001354383
1.15	1.1	1.2	0.0118297	0.000152243	-0.000152243	0.001064673	-0.001064673
1.25	1.2	1.3	0.00891875	0.000114463	-0.000114463	0.000802688	-0.000802688
1.35	1.3	1.4	0.00687331	8.79E-05	-8.79E-05	0.000618598	-0.000618598
1.45	1.4	1.5	0.00521242	6.66E-05	-6.66E-05	0.000469118	-0.000469118
1.55	1.5	1.6	0.00395399	5.10E-05	-5.10E-05	0.000355859	-0.000355859
1.65	1.6	1.7	0.00295994	3.84E-05	-3.84E-05	0.000266395	-0.000266395
1.75	1.7	1.8	0.00224581	2.94E-05	-2.94E-05	0.000202123	-0.000202123
1.85	1.8	1.9	0.00170831	2.30E-05	-2.30E-05	0.000153748	-0.000153748
1.95	1.9	2	0.00125653	1.72E-05	-1.72E-05	0.000113088	-0.000113088
2.1	2	2.2	0.000867672	8.80E-06	-8.80E-06	7.81E-05	-7.81E-05
2.3	2.2	2.4	0.000492754	5.45E-06	-5.45E-06	4.43E-05	-4.43E-05
2.5	2.4	2.6	0.000295411	3.66E-06	-3.66E-06	2.66E-05	-2.66E-05
2.7	2.6	2.8	0.000176163	2.46E-06	-2.46E-06	1.59E-05	-1.59E-05
2.9	2.8	3	0.000108202	1.76E-06	-1.76E-06	9.74E-06	-9.74E-06
3.25	3	3.5	4.76E-05	6.50E-07	-6.50E-07	5.24E-06	-5.24E-06
3.75	3.5	4	1.63E-05	3.36E-07	-3.36E-07	1.79E-06	-1.79E-06
4.25	4	4.5	6.13E-06	2.02E-07	-2.02E-07	6.74E-07	-6.74E-07
4.75	4.5	5	2.62E-06	1.37E-07	-1.37E-07	2.89E-07	-2.89E-07
							
centrality	20	40  12.2    0.9					
pt	ptlow	pthigh	inv.yield	stat +	stat -	sys +	sys -
0.55	0.5	0.6	0.0399845	0.000803742	-0.000803742	0.003598605	-0.003598605
0.65	0.6	0.7	0.0411983	0.000688787	-0.000688787	0.003707847	-0.003707847
0.75	0.7	0.8	0.0378259	0.00056593	-0.00056593	0.003404331	-0.003404331
0.85	0.8	0.9	0.0329641	0.000465614	-0.000465614	0.002966769	-0.002966769
0.95	0.9	1	0.0262724	0.000358047	-0.000358047	0.002364516	-0.002364516
1.05	1	1.1	0.0211956	0.000286155	-0.000286155	0.001907604	-0.001907604
1.15	1.1	1.2	0.0167449	0.00022889	-0.00022889	0.001507041	-0.001507041
1.25	1.2	1.3	0.0127485	0.000175704	-0.000175704	0.001147365	-0.001147365
1.35	1.3	1.4	0.00972778	0.000136179	-0.000136179	0.0008755	-0.0008755
1.45	1.4	1.5	0.00738143	0.000105084	-0.000105084	0.000664329	-0.000664329
1.55	1.5	1.6	0.00554883	8.16E-05	-8.16E-05	0.000499395	-0.000499395
1.65	1.6	1.7	0.00422042	6.38E-05	-6.38E-05	0.000379838	-0.000379838
1.75	1.7	1.8	0.00316106	4.97E-05	-4.97E-05	0.000284495	-0.000284495
1.85	1.8	1.9	0.00245869	4.07E-05	-4.07E-05	0.000221282	-0.000221282
1.95	1.9	2	0.00178469	3.14E-05	-3.14E-05	0.000160622	-0.000160622
2.1	2	2.2	0.00124548	1.69E-05	-1.69E-05	0.000112093	-0.000112093
2.3	2.2	2.4	0.000715491	1.13E-05	-1.13E-05	6.44E-05	-6.44E-05
2.5	2.4	2.6	0.000424927	8.01E-06	-8.01E-06	3.82E-05	-3.82E-05
2.7	2.6	2.8	0.000249714	5.64E-06	-5.64E-06	2.25E-05	-2.25E-05
2.9	2.8	3	0.000152597	4.21E-06	-4.21E-06	1.37E-05	-1.37E-05
3.25	3	3.5	6.98E-05	1.65E-06	-1.65E-06	7.67E-06	-7.67E-06
3.75	3.5	4	2.33E-05	8.66E-07	-8.66E-07	2.57E-06	-2.57E-06
4.25	4	4.5	8.99E-06	5.48E-07	-5.48E-07	9.88E-07	-9.88E-07
4.75	4.5	5	3.87E-06	3.77E-07	-3.77E-07	4.25E-07	-4.25E-07
							
centrality	40	60  8.7 0.6					
pt	ptlow	pthigh	inv.yield	stat +	stat -	sys +	sys -
0.55	0.5	0.6	0.0290998	0.000595799	-0.000595799	0.002618982	-0.002618982
0.65	0.6	0.7	0.0303008	0.00051482	-0.00051482	0.002727072	-0.002727072
0.75	0.7	0.8	0.0269976	0.000412173	-0.000412173	0.002429784	-0.002429784
0.85	0.8	0.9	0.0226958	0.000328719	-0.000328719	0.002042622	-0.002042622
0.95	0.9	1	0.0177625	0.000249586	-0.000249586	0.001598625	-0.001598625
1.05	1	1.1	0.0140664	0.000196937	-0.000196937	0.001265976	-0.001265976
1.15	1.1	1.2	0.0109451	0.000156336	-0.000156336	0.000985059	-0.000985059
1.25	1.2	1.3	0.00810731	0.000118122	-0.000118122	0.000729658	-0.000729658
1.35	1.3	1.4	0.00623278	9.32E-05	-9.32E-05	0.00056095	-0.00056095
1.45	1.4	1.5	0.0046561	7.18E-05	-7.18E-05	0.000419049	-0.000419049
1.55	1.5	1.6	0.00349732	5.64E-05	-5.64E-05	0.000314759	-0.000314759
1.65	1.6	1.7	0.00258121	4.37E-05	-4.37E-05	0.000232309	-0.000232309
1.75	1.7	1.8	0.00195671	3.49E-05	-3.49E-05	0.000176104	-0.000176104
1.85	1.8	1.9	0.00146529	2.82E-05	-2.82E-05	0.000131876	-0.000131876
1.95	1.9	2	0.00107837	2.24E-05	-2.24E-05	9.71E-05	-9.71E-05
2.1	2	2.2	0.000726989	1.20E-05	-1.20E-05	6.54E-05	-6.54E-05
2.3	2.2	2.4	0.00041228	8.18E-06	-8.18E-06	3.71E-05	-3.71E-05
2.5	2.4	2.6	0.000241688	5.88E-06	-5.88E-06	2.18E-05	-2.18E-05
2.7	2.6	2.8	0.000144012	4.22E-06	-4.22E-06	1.30E-05	-1.30E-05
2.9	2.8	3	8.57E-05	3.11E-06	-3.11E-06	7.71E-06	-7.71E-06
3.25	3	3.5	3.96E-05	1.25E-06	-1.25E-06	4.36E-06	-4.36E-06
3.75	3.5	4	1.37E-05	6.74E-07	-6.74E-07	1.50E-06	-1.50E-06
4.25	4	4.5	5.39E-06	4.29E-07	-4.29E-07	5.93E-07	-5.93E-07
4.75	4.5	5	2.69E-06	3.09E-07	-3.09E-07	2.95E-07	-2.95E-07
							
centrality	60	88  4.1 0.3					
pt	ptlow	pthigh	inv.yield	stat +	stat -	sys +	sys -
0.55	0.5	0.6	0.0156969	0.000327839	-0.000327839	0.001412721	-0.001412721
0.65	0.6	0.7	0.0154054	0.000268155	-0.000268155	0.001386486	-0.001386486
0.75	0.7	0.8	0.0135469	0.000212515	-0.000212515	0.001219221	-0.001219221
0.85	0.8	0.9	0.0109696	0.000164419	-0.000164419	0.000987264	-0.000987264
0.95	0.9	1	0.008396	0.000123065	-0.000123065	0.00075564	-0.00075564
1.05	1	1.1	0.00646906	9.54E-05	-9.54E-05	0.000582215	-0.000582215
1.15	1.1	1.2	0.00485576	7.41E-05	-7.41E-05	0.000437018	-0.000437018
1.25	1.2	1.3	0.00351271	5.55E-05	-5.55E-05	0.000316144	-0.000316144
1.35	1.3	1.4	0.00263686	4.36E-05	-4.36E-05	0.000237317	-0.000237317
1.45	1.4	1.5	0.0019334	3.37E-05	-3.37E-05	0.000174006	-0.000174006
1.55	1.5	1.6	0.00140796	2.63E-05	-2.63E-05	0.000126716	-0.000126716
1.65	1.6	1.7	0.00103332	2.06E-05	-2.06E-05	9.30E-05	-9.30E-05
1.75	1.7	1.8	0.000782074	1.68E-05	-1.68E-05	7.04E-05	-7.04E-05
1.85	1.8	1.9	0.000564473	1.33E-05	-1.33E-05	5.08E-05	-5.08E-05
1.95	1.9	2	0.000427025	1.11E-05	-1.11E-05	3.84E-05	-3.84E-05
2.1	2	2.2	0.000273595	5.85E-06	-5.85E-06	2.46E-05	-2.46E-05
2.3	2.2	2.4	0.000148911	3.99E-06	-3.99E-06	1.34E-05	-1.34E-05
2.5	2.4	2.6	8.91E-05	2.95E-06	-2.95E-06	8.02E-06	-8.02E-06
2.7	2.6	2.8	5.17E-05	2.10E-06	-2.10E-06	4.66E-06	-4.66E-06
2.9	2.8	3	2.93E-05	1.51E-06	-1.51E-06	2.64E-06	-2.64E-06
3.25	3	3.5	1.36E-05	6.19E-07	-6.19E-07	1.50E-06	-1.50E-06
3.75	3.5	4	5.57E-06	3.75E-07	-3.75E-07	6.13E-07	-6.13E-07
4.25	4	4.5	1.67E-06	1.93E-07	-1.93E-07	1.84E-07	-1.84E-07
4.75	4.5	5	5.90E-07	1.05E-07	-1.05E-07	6.49E-08	-6.49E-08
