centrality	0	5	687.4	0			
pt	ptlow	pthigh	inv.yield	stat +	stat -	sys +	sys -
0.45	0.4	0.5	18.3	0	0	0.39	-0.39
0.55	0.5	0.6	14.8	0	0	0.29	-0.29
0.65	0.6	0.7	10.5	0	0	0.2	-0.2
0.75	0.7	0.8	7.97	0	0	0.15	-0.15
0.85	0.8	0.9	5.96	0	0	0.12	-0.12
0.95	0.9	1	4.19	0	0	0.085	-0.085
1.05	1	1.1	3.2	0	0	0.068	-0.068
1.15	1.1	1.2	2.31	0	0	0.052	-0.052
1.25	1.2	1.3	1.64	0	0	0.039	-0.039
1.35	1.3	1.4	1.13	0	0	0.029	-0.029
1.45	1.4	1.5	0.852	0	0	0.024	-0.024
1.55	1.5	1.6	0.603	0	0	0.018	-0.018
1.65	1.6	1.7	0.443	0	0	0.015	-0.015
1.75	1.7	1.8	0.361	0	0	0.013	-0.013
1.85	1.8	1.9	0.264	0	0	0.01	-0.01
1.95	1.9	2	0.212	0	0	0.0091	-0.0091
							
centrality	5	10	560.4	0			
pt	ptlow	pthigh	inv.yield	stat +	stat -	sys +	sys -
0.45	0.4	0.5	15	0	0	0.33	-0.33
0.55	0.5	0.6	12	0	0	0.24	-0.24
0.65	0.6	0.7	8.75	0	0	0.17	-0.17
0.75	0.7	0.8	6.48	0	0	0.12	-0.12
0.85	0.8	0.9	4.81	0	0	0.095	-0.095
0.95	0.9	1	3.47	0	0	0.072	-0.072
1.05	1	1.1	2.61	0	0	0.057	-0.057
1.15	1.1	1.2	1.91	0	0	0.044	-0.044
1.25	1.2	1.3	1.32	0	0	0.033	-0.033
1.35	1.3	1.4	0.963	0	0	0.025	-0.025
1.45	1.4	1.5	0.733	0	0	0.021	-0.021
1.55	1.5	1.6	0.516	0	0	0.016	-0.016
1.65	1.6	1.7	0.384	0	0	0.013	-0.013
1.75	1.7	1.8	0.276	0	0	0.011	-0.011
1.85	1.8	1.9	0.217	0	0	0.009	-0.009
1.95	1.9	2	0.167	0	0	0.0078	-0.0078
							
centrality	10	15	456.8	0			
pt	ptlow	pthigh	inv.yield	stat +	stat -	sys +	sys -
0.45	0.4	0.5	12.9	0	0	0.28	-0.28
0.55	0.5	0.6	9.88	0	0	0.2	-0.2
0.65	0.6	0.7	7.38	0	0	0.14	-0.14
0.75	0.7	0.8	5.39	0	0	0.1	-0.1
0.85	0.8	0.9	4.02	0	0	0.081	-0.081
0.95	0.9	1	2.91	0	0	0.061	-0.061
1.05	1	1.1	2.21	0	0	0.05	-0.05
1.15	1.1	1.2	1.63	0	0	0.039	-0.039
1.25	1.2	1.3	1.14	0	0	0.029	-0.029
1.35	1.3	1.4	0.788	0	0	0.022	-0.022
1.45	1.4	1.5	0.605	0	0	0.018	-0.018
1.55	1.5	1.6	0.433	0	0	0.014	-0.014
1.65	1.6	1.7	0.304	0	0	0.011	-0.011
1.75	1.7	1.8	0.228	0	0	0.0093	-0.0093
1.85	1.8	1.9	0.172	0	0	0.0077	-0.0077
1.95	1.9	2	0.137	0	0	0.0069	-0.0069
							
centrality	15	20	371.5	0			
pt	ptlow	pthigh	inv.yield	stat +	stat -	sys +	sys -
0.45	0.4	0.5	10.4	0	0	0.23	-0.23
0.55	0.5	0.6	8.3	0	0	0.17	-0.17
0.65	0.6	0.7	6.2	0	0	0.12	-0.12
0.75	0.7	0.8	4.46	0	0	0.088	-0.088
0.85	0.8	0.9	3.36	0	0	0.07	-0.07
0.95	0.9	1	2.4	0	0	0.052	-0.052
1.05	1	1.1	1.81	0	0	0.042	-0.042
1.15	1.1	1.2	1.29	0	0	0.032	-0.032
1.25	1.2	1.3	0.882	0	0	0.024	-0.024
1.35	1.3	1.4	0.66	0	0	0.019	-0.019
1.45	1.4	1.5	0.491	0	0	0.015	-0.015
1.55	1.5	1.6	0.355	0	0	0.012	-0.012
1.65	1.6	1.7	0.262	0	0	0.01	-0.01
1.75	1.7	1.8	0.192	0	0	0.0083	-0.0083
1.85	1.8	1.9	0.148	0	0	0.007	-0.007
1.95	1.9	2	0.114	0	0	0.0061	-0.0061
							
centrality	20	30	274	0			
pt	ptlow	pthigh	inv.yield	stat +	stat -	sys +	sys -
0.45	0.4	0.5	7.81	0	0	0.17	-0.17
0.55	0.5	0.6	6.22	0	0	0.12	-0.12
0.65	0.6	0.7	4.51	0	0	0.085	-0.085
0.75	0.7	0.8	3.31	0	0	0.062	-0.062
0.85	0.8	0.9	2.5	0	0	0.049	-0.049
0.95	0.9	1	1.74	0	0	0.036	-0.036
1.05	1	1.1	1.31	0	0	0.028	-0.028
1.15	1.1	1.2	0.96	0	0	0.022	-0.022
1.25	1.2	1.3	0.654	0	0	0.016	-0.016
1.35	1.3	1.4	0.468	0	0	0.012	-0.012
1.45	1.4	1.5	0.35	0	0	0.0099	-0.0099
1.55	1.5	1.6	0.259	0	0	0.0079	-0.0079
1.65	1.6	1.7	0.188	0	0	0.0063	-0.0063
1.75	1.7	1.8	0.134	0	0	0.0051	-0.0051
1.85	1.8	1.9	0.104	0	0	0.0042	-0.0042
1.95	1.9	2	0.0821	0	0	0.0037	-0.0037
							
centrality	30	40	176.8	0			
pt	ptlow	pthigh	inv.yield	stat +	stat -	sys +	sys -
0.45	0.4	0.5	5.11	0	0	0.11	-0.11
0.55	0.5	0.6	4.06	0	0	0.083	-0.083
0.65	0.6	0.7	2.89	0	0	0.057	-0.057
0.75	0.7	0.8	2.07	0	0	0.041	-0.041
0.85	0.8	0.9	1.6	0	0	0.033	-0.033
0.95	0.9	1	1.08	0	0	0.024	-0.024
1.05	1	1.1	0.842	0	0	0.02	-0.02
1.15	1.1	1.2	0.601	0	0	0.015	-0.015
1.25	1.2	1.3	0.422	0	0	0.011	-0.011
1.35	1.3	1.4	0.299	0	0	0.0087	-0.0087
1.45	1.4	1.5	0.222	0	0	0.0072	-0.0072
1.55	1.5	1.6	0.163	0	0	0.0058	-0.0058
1.65	1.6	1.7	0.114	0	0	0.0046	-0.0046
1.75	1.7	1.8	0.0852	0	0	0.0038	-0.0038
1.85	1.8	1.9	0.0658	0	0	0.0032	-0.0032
1.95	1.9	2	0.0487	0	0	0.0027	-0.0027
							
centrality	40	50	109.4	0			
pt	ptlow	pthigh	inv.yield	stat +	stat -	sys +	sys -
0.45	0.4	0.5	3.28	0	0	0.078	-0.078
0.55	0.5	0.6	2.43	0	0	0.053	-0.053
0.65	0.6	0.7	1.78	0	0	0.038	-0.038
0.75	0.7	0.8	1.26	0	0	0.027	-0.027
0.85	0.8	0.9	0.9	0	0	0.021	-0.021
0.95	0.9	1	0.646	0	0	0.016	-0.016
1.05	1	1.1	0.482	0	0	0.013	-0.013
1.15	1.1	1.2	0.348	0	0	0.01	-0.01
1.25	1.2	1.3	0.234	0	0	0.0075	-0.0075
1.35	1.3	1.4	0.17	0	0	0.0059	-0.0059
1.45	1.4	1.5	0.12	0	0	0.0048	-0.0048
1.55	1.5	1.6	0.0925	0	0	0.004	-0.004
1.65	1.6	1.7	0.0622	0	0	0.0031	-0.0031
1.75	1.7	1.8	0.0481	0	0	0.0027	-0.0027
1.85	1.8	1.9	0.0366	0	0	0.0023	-0.0023
1.95	1.9	2	0.0291	0	0	0.002	-0.002
							
centrality	50	60	61.6	0			
pt	ptlow	pthigh	inv.yield	stat +	stat -	sys +	sys -
0.45	0.4	0.5	1.93	0	0	0.05	-0.05
0.55	0.5	0.6	1.36	0	0	0.033	-0.033
0.65	0.6	0.7	1.01	0	0	0.024	-0.024
0.75	0.7	0.8	0.682	0	0	0.017	-0.017
0.85	0.8	0.9	0.477	0	0	0.013	-0.013
0.95	0.9	1	0.351	0	0	0.01	-0.01
1.05	1	1.1	0.254	0	0	0.0082	-0.0082
1.15	1.1	1.2	0.18	0	0	0.0064	-0.0064
1.25	1.2	1.3	0.128	0	0	0.0051	-0.0051
1.35	1.3	1.4	0.0853	0	0	0.0039	-0.0039
1.45	1.4	1.5	0.064	0	0	0.0033	-0.0033
1.55	1.5	1.6	0.0473	0	0	0.0027	-0.0027
1.65	1.6	1.7	0.0339	0	0	0.0022	-0.0022
1.75	1.7	1.8	0.0231	0	0	0.0018	-0.0018
1.85	1.8	1.9	0.0172	0	0	0.0015	-0.0015
1.95	1.9	2	0.0153	0	0	0.0014	-0.0014
							
centrality	60	70	32	0			
pt	ptlow	pthigh	inv.yield	stat +	stat -	sys +	sys -
0.45	0.4	0.5	0.956	0	0	0.029	-0.029
0.55	0.5	0.6	0.672	0	0	0.02	-0.02
0.65	0.6	0.7	0.481	0	0	0.014	-0.014
0.75	0.7	0.8	0.34	0	0	0.011	-0.011
0.85	0.8	0.9	0.233	0	0	0.0081	-0.0081
0.95	0.9	1	0.169	0	0	0.0064	-0.0064
1.05	1	1.1	0.119	0	0	0.0051	-0.0051
1.15	1.1	1.2	0.0784	0	0	0.0039	-0.0039
1.25	1.2	1.3	0.0543	0	0	0.0031	-0.0031
1.35	1.3	1.4	0.0385	0	0	0.0025	-0.0025
1.45	1.4	1.5	0.0294	0	0	0.0021	-0.0021
1.55	1.5	1.6	0.021	0	0	0.0018	-0.0018
1.65	1.6	1.7	0.016	0	0	0.0015	-0.0015
1.75	1.7	1.8	0.0104	0	0	0.0012	-0.0012
1.85	1.8	1.9	0.00875	0	0	0.0011	-0.0011
1.95	1.9	2	0.00649	0	0	0.00092	-0.00092
							
centrality	70	80	16	0			
pt	ptlow	pthigh	inv.yield	stat +	stat -	sys +	sys -
0.45	0.4	0.5	0.406	0	0	0.017	-0.017
0.55	0.5	0.6	0.289	0	0	0.012	-0.012
0.65	0.6	0.7	0.188	0	0	0.008	-0.008
0.75	0.7	0.8	0.124	0	0	0.0058	-0.0058
0.85	0.8	0.9	0.0939	0	0	0.0048	-0.0048
0.95	0.9	1	0.0566	0	0	0.0035	-0.0035
1.05	1	1.1	0.044	0	0	0.003	-0.003
1.15	1.1	1.2	0.0312	0	0	0.0024	-0.0024
1.25	1.2	1.3	0.0207	0	0	0.0019	-0.0019
1.35	1.3	1.4	0.0138	0	0	0.0015	-0.0015
1.45	1.4	1.5	0.0134	0	0	0.0014	-0.0014
1.55	1.5	1.6	0.00685	0	0	0.001	-0.001
1.65	1.6	1.7	0.00562	0	0	0.00089	-0.00089
1.75	1.7	1.8	0.00419	0	0	0.00076	-0.00076
1.85	1.8	1.9	0.00339	0	0	0.00067	-0.00067
1.95	1.9	2	0.00275	0	0	0.00061	-0.00061
							
centrality	80	92	7	0			
pt	ptlow	pthigh	inv.yield	stat +	stat -	sys +	sys -
0.45	0.4	0.5	0.188	0	0	0.011	-0.011
0.55	0.5	0.6	0.148	0	0	0.0078	-0.0078
0.65	0.6	0.7	0.102	0	0	0.0056	-0.0056
0.75	0.7	0.8	0.0588	0	0	0.0039	-0.0039
0.85	0.8	0.9	0.0387	0	0	0.003	-0.003
0.95	0.9	1	0.0299	0	0	0.0025	-0.0025
1.05	1	1.1	0.0207	0	0	0.002	-0.002
1.15	1.1	1.2	0.0164	0	0	0.0017	-0.0017
1.25	1.2	1.3	0.00794	0	0	0.0011	-0.0011
1.35	1.3	1.4	0.00653	0	0	0.00099	-0.00099
1.45	1.4	1.5	0.0057	0	0	0.00092	-0.00092
1.55	1.5	1.6	0.00284	0	0	0.00064	-0.00064
1.65	1.6	1.7	0.00267	0	0	0.00061	-0.00061
1.75	1.7	1.8	0.00185	0	0	0.0005	-0.0005
1.85	1.8	1.9	0.00209	0	0	0.00052	-0.00052
1.95	1.9	2	0.00116	0	0	0.00039	-0.00039
