centrality	0	5	687.4	0			
pt	ptlow	pthigh	inv.yield	stat +	stat -	sys +	sys -
0.45	0.4	0.5	16.4	0	0	0.34	-0.34
0.55	0.5	0.6	13.1	0	0	0.24	-0.24
0.65	0.6	0.7	10.1	0	0	0.18	-0.18
0.75	0.7	0.8	7.69	0	0	0.14	-0.14
0.85	0.8	0.9	5.61	0	0	0.1	-0.1
0.95	0.9	1	4.11	0	0	0.077	-0.077
1.05	1	1.1	3.03	0	0	0.06	-0.06
1.15	1.1	1.2	2.11	0	0	0.044	-0.044
1.25	1.2	1.3	1.53	0	0	0.034	-0.034
1.35	1.3	1.4	1.15	0	0	0.028	-0.028
1.45	1.4	1.5	0.842	0	0	0.022	-0.022
1.55	1.5	1.6	0.586	0	0	0.017	-0.017
1.65	1.6	1.7	0.442	0	0	0.014	-0.014
1.75	1.7	1.8	0.317	0	0	0.011	-0.011
1.85	1.8	1.9	0.252	0	0	0.0094	-0.0094
1.95	1.9	2	0.183	0	0	0.0079	-0.0079
							
centrality	5	10	560.4	0			
pt	ptlow	pthigh	inv.yield	stat +	stat -	sys +	sys -
0.45	0.4	0.5	13.6	0	0	0.28	-0.28
0.55	0.5	0.6	10.9	0	0	0.2	-0.2
0.65	0.6	0.7	8.57	0	0	0.15	-0.15
0.75	0.7	0.8	6.27	0	0	0.11	-0.11
0.85	0.8	0.9	4.55	0	0	0.084	-0.084
0.95	0.9	1	3.36	0	0	0.065	-0.065
1.05	1	1.1	2.53	0	0	0.052	-0.052
1.15	1.1	1.2	1.79	0	0	0.038	-0.038
1.25	1.2	1.3	1.25	0	0	0.029	-0.029
1.35	1.3	1.4	0.945	0	0	0.024	-0.024
1.45	1.4	1.5	0.697	0	0	0.019	-0.019
1.55	1.5	1.6	0.497	0	0	0.015	-0.015
1.65	1.6	1.7	0.382	0	0	0.012	-0.012
1.75	1.7	1.8	0.264	0	0	0.0096	-0.0096
1.85	1.8	1.9	0.21	0	0	0.0084	-0.0084
1.95	1.9	2	0.153	0	0	0.0071	-0.0071
							
centrality	10	15	456.8	0			
pt	ptlow	pthigh	inv.yield	stat +	stat -	sys +	sys -
0.45	0.4	0.5	11.2	0	0	0.24	-0.24
0.55	0.5	0.6	8.91	0	0	0.17	-0.17
0.65	0.6	0.7	6.94	0	0	0.13	-0.13
0.75	0.7	0.8	5.14	0	0	0.095	-0.095
0.85	0.8	0.9	3.82	0	0	0.072	-0.072
0.95	0.9	1	2.76	0	0	0.054	-0.054
1.05	1	1.1	2.05	0	0	0.043	-0.043
1.15	1.1	1.2	1.44	0	0	0.032	-0.032
1.25	1.2	1.3	1.05	0	0	0.025	-0.025
1.35	1.3	1.4	0.803	0	0	0.021	-0.021
1.45	1.4	1.5	0.562	0	0	0.016	-0.016
1.55	1.5	1.6	0.416	0	0	0.013	-0.013
1.65	1.6	1.7	0.293	0	0	0.01	-0.01
1.75	1.7	1.8	0.211	0	0	0.0082	-0.0082
1.85	1.8	1.9	0.161	0	0	0.007	-0.007
1.95	1.9	2	0.122	0	0	0.0061	-0.0061
							
centrality	15	20	371.5	0			
pt	ptlow	pthigh	inv.yield	stat +	stat -	sys +	sys -
0.45	0.4	0.5	9.24	0	0	0.2	-0.2
0.55	0.5	0.6	7.61	0	0	0.15	-0.15
0.65	0.6	0.7	5.78	0	0	0.11	-0.11
0.75	0.7	0.8	4.33	0	0	0.081	-0.081
0.85	0.8	0.9	3.13	0	0	0.06	-0.06
0.95	0.9	1	2.23	0	0	0.045	-0.045
1.05	1	1.1	1.7	0	0	0.037	-0.037
1.15	1.1	1.2	1.17	0	0	0.027	-0.027
1.25	1.2	1.3	0.858	0	0	0.021	-0.021
1.35	1.3	1.4	0.626	0	0	0.017	-0.017
1.45	1.4	1.5	0.456	0	0	0.014	-0.014
1.55	1.5	1.6	0.325	0	0	0.011	-0.011
1.65	1.6	1.7	0.236	0	0	0.0089	-0.0089
1.75	1.7	1.8	0.183	0	0	0.0074	-0.0074
1.85	1.8	1.9	0.129	0	0	0.006	-0.006
1.95	1.9	2	0.105	0	0	0.0055	-0.0055
							
centrality	20	30	274	0			
pt	ptlow	pthigh	inv.yield	stat +	stat -	sys +	sys -
0.45	0.4	0.5	7.05	0	0	0.15	-0.15
0.55	0.5	0.6	5.62	0	0	0.1	-0.1
0.65	0.6	0.7	4.29	0	0	0.077	-0.077
0.75	0.7	0.8	3.22	0	0	0.058	-0.058
0.85	0.8	0.9	2.29	0	0	0.042	-0.042
0.95	0.9	1	1.61	0	0	0.031	-0.031
1.05	1	1.1	1.21	0	0	0.025	-0.025
1.15	1.1	1.2	0.878	0	0	0.019	-0.019
1.25	1.2	1.3	0.629	0	0	0.014	-0.014
1.35	1.3	1.4	0.476	0	0	0.012	-0.012
1.45	1.4	1.5	0.341	0	0	0.0092	-0.0092
1.55	1.5	1.6	0.25	0	0	0.0073	-0.0073
1.65	1.6	1.7	0.172	0	0	0.0057	-0.0057
1.75	1.7	1.8	0.129	0	0	0.0046	-0.0046
1.85	1.8	1.9	0.101	0	0	0.004	-0.004
1.95	1.9	2	0.0767	0	0	0.0034	-0.0034
							
centrality	30	40	176.8	0			
pt	ptlow	pthigh	inv.yield	stat +	stat -	sys +	sys -
0.45	0.4	0.5	4.6	0	0	0.099	-0.099
0.55	0.5	0.6	3.68	0	0	0.071	-0.071
0.65	0.6	0.7	2.74	0	0	0.051	-0.051
0.75	0.7	0.8	2.04	0	0	0.038	-0.038
0.85	0.8	0.9	1.49	0	0	0.029	-0.029
0.95	0.9	1	1.04	0	0	0.021	-0.021
1.05	1	1.1	0.774	0	0	0.017	-0.017
1.15	1.1	1.2	0.539	0	0	0.013	-0.013
1.25	1.2	1.3	0.387	0	0	0.0099	-0.0099
1.35	1.3	1.4	0.297	0	0	0.0083	-0.0083
1.45	1.4	1.5	0.209	0	0	0.0065	-0.0065
1.55	1.5	1.6	0.143	0	0	0.005	-0.005
1.65	1.6	1.7	0.107	0	0	0.0042	-0.0042
1.75	1.7	1.8	0.0779	0	0	0.0034	-0.0034
1.85	1.8	1.9	0.0584	0	0	0.0028	-0.0028
1.95	1.9	2	0.0431	0	0	0.0024	-0.0024
							
centrality	40	50	109.4	0			
pt	ptlow	pthigh	inv.yield	stat +	stat -	sys +	sys -
0.45	0.4	0.5	2.79	0	0	0.064	-0.064
0.55	0.5	0.6	2.25	0	0	0.047	-0.047
0.65	0.6	0.7	1.69	0	0	0.034	-0.034
0.75	0.7	0.8	1.19	0	0	0.025	-0.025
0.85	0.8	0.9	0.847	0	0	0.018	-0.018
0.95	0.9	1	0.604	0	0	0.014	-0.014
1.05	1	1.1	0.449	0	0	0.011	-0.011
1.15	1.1	1.2	0.311	0	0	0.0084	-0.0084
1.25	1.2	1.3	0.225	0	0	0.0068	-0.0068
1.35	1.3	1.4	0.164	0	0	0.0055	-0.0055
1.45	1.4	1.5	0.121	0	0	0.0045	-0.0045
1.55	1.5	1.6	0.0871	0	0	0.0037	-0.0037
1.65	1.6	1.7	0.0617	0	0	0.003	-0.003
1.75	1.7	1.8	0.0442	0	0	0.0024	-0.0024
1.85	1.8	1.9	0.0324	0	0	0.002	-0.002
1.95	1.9	2	0.0246	0	0	0.0018	-0.0018
							
centrality	50	60	61.6	0			
pt	ptlow	pthigh	inv.yield	stat +	stat -	sys +	sys -
0.45	0.4	0.5	1.73	0	0	0.043	-0.043
0.55	0.5	0.6	1.25	0	0	0.029	-0.029
0.65	0.6	0.7	0.93	0	0	0.021	-0.021
0.75	0.7	0.8	0.659	0	0	0.016	-0.016
0.85	0.8	0.9	0.465	0	0	0.012	-0.012
0.95	0.9	1	0.322	0	0	0.009	-0.009
1.05	1	1.1	0.232	0	0	0.0072	-0.0072
1.15	1.1	1.2	0.16	0	0	0.0055	-0.0055
1.25	1.2	1.3	0.115	0	0	0.0044	-0.0044
1.35	1.3	1.4	0.0885	0	0	0.0038	-0.0038
1.45	1.4	1.5	0.0583	0	0	0.003	-0.003
1.55	1.5	1.6	0.046	0	0	0.0025	-0.0025
1.65	1.6	1.7	0.0305	0	0	0.002	-0.002
1.75	1.7	1.8	0.0207	0	0	0.0016	-0.0016
1.85	1.8	1.9	0.0184	0	0	0.0015	-0.0015
1.95	1.9	2	0.0146	0	0	0.0013	-0.0013
							
centrality	60	70	32	0			
pt	ptlow	pthigh	inv.yield	stat +	stat -	sys +	sys -
0.45	0.4	0.5	0.811	0	0	0.025	-0.025
0.55	0.5	0.6	0.637	0	0	0.018	-0.018
0.65	0.6	0.7	0.443	0	0	0.013	-0.013
0.75	0.7	0.8	0.316	0	0	0.0095	-0.0095
0.85	0.8	0.9	0.231	0	0	0.0074	-0.0074
0.95	0.9	1	0.156	0	0	0.0057	-0.0057
1.05	1	1.1	0.109	0	0	0.0045	-0.0045
1.15	1.1	1.2	0.0706	0	0	0.0034	-0.0034
1.25	1.2	1.3	0.0572	0	0	0.0029	-0.0029
1.35	1.3	1.4	0.0367	0	0	0.0023	-0.0023
1.45	1.4	1.5	0.0238	0	0	0.0018	-0.0018
1.55	1.5	1.6	0.0189	0	0	0.0016	-0.0016
1.65	1.6	1.7	0.0153	0	0	0.0014	-0.0014
1.75	1.7	1.8	0.01	0	0	0.0011	-0.0011
1.85	1.8	1.9	0.00782	0	0	0.00095	-0.00095
1.95	1.9	2	0.00614	0	0	0.00086	-0.00086
							
centrality	70	80	16	0			
pt	ptlow	pthigh	inv.yield	stat +	stat -	sys +	sys -
0.45	0.4	0.5	0.389	0	0	0.016	-0.016
0.55	0.5	0.6	0.28	0	0	0.011	-0.011
0.65	0.6	0.7	0.183	0	0	0.0075	-0.0075
0.75	0.7	0.8	0.14	0	0	0.0059	-0.0059
0.85	0.8	0.9	0.0842	0	0	0.0042	-0.0042
0.95	0.9	1	0.0567	0	0	0.0032	-0.0032
1.05	1	1.1	0.0426	0	0	0.0027	-0.0027
1.15	1.1	1.2	0.0298	0	0	0.0021	-0.0021
1.25	1.2	1.3	0.0184	0	0	0.0016	-0.0016
1.35	1.3	1.4	0.0159	0	0	0.0015	-0.0015
1.45	1.4	1.5	0.0112	0	0	0.0012	-0.0012
1.55	1.5	1.6	0.00786	0	0	0.001	-0.001
1.65	1.6	1.7	0.00644	0	0	0.0009	-0.0009
1.75	1.7	1.8	0.00365	0	0	0.00066	-0.00066
1.85	1.8	1.9	0.00281	0	0	0.00058	-0.00058
1.95	1.9	2	0.00212	0	0	0.00051	-0.00051
							
centrality	80	92	7	0			
pt	ptlow	pthigh	inv.yield	stat +	stat -	sys +	sys -
0.45	0.4	0.5	0.182	0	0	0.0099	-0.0099
0.55	0.5	0.6	0.137	0	0	0.0071	-0.0071
0.65	0.6	0.7	0.102	0	0	0.0054	-0.0054
0.75	0.7	0.8	0.0621	0	0	0.0038	-0.0038
0.85	0.8	0.9	0.0381	0	0	0.0027	-0.0027
0.95	0.9	1	0.0257	0	0	0.0021	-0.0021
1.05	1	1.1	0.0173	0	0	0.0017	-0.0017
1.15	1.1	1.2	0.0132	0	0	0.0014	-0.0014
1.25	1.2	1.3	0.00979	0	0	0.0012	-0.0012
1.35	1.3	1.4	0.00778	0	0	0.001	-0.001
1.45	1.4	1.5	0.00422	0	0	0.00075	-0.00075
1.55	1.5	1.6	0.00392	0	0	0.00071	-0.00071
1.65	1.6	1.7	0.00292	0	0	0.0006	-0.0006
1.75	1.7	1.8	0.00127	0	0	0.00039	-0.00039
1.85	1.8	1.9	0.00144	0	0	0.00041	-0.00041
1.95	1.9	2	0.0013	0	0	0.0004	-0.0004
