centrality	0	100 12.2    1.4
pt	ptlow	pthigh	inv.yield	stat +	stat -	sys +	sys -
1.25	1	1.5	0.06262	3.39E-05	-3.39E-05	0.005063	-0.005063
1.75	1.5	2	0.01105	7.23E-06	-7.23E-06	0.0009048	-0.0009048
2.25	2	2.5	0.002572	2.36E-06	-2.36E-06	0.0002143	-0.0002143
2.75	2.5	3	0.0007029	9.34E-07	-9.34E-07	5.93E-05	-5.93E-05
3.25	3	3.5	0.0002163	4.30E-07	-4.30E-07	1.86E-05	-1.86E-05
3.75	3.5	4	7.71E-05	2.24E-07	-2.24E-07	6.69E-06	-6.69E-06
4.25	4	4.5	2.91E-05	1.26E-07	-1.26E-07	2.61E-06	-2.61E-06
4.75	4.5	5	1.21E-05	7.47E-08	-7.47E-08	1.10E-06	-1.10E-06
5.25	5	5.5	5.36E-06	4.68E-08	-4.68E-08	4.98E-07	-4.98E-07
5.75	5.5	6	2.55E-06	3.07E-08	-3.07E-08	2.39E-07	-2.39E-07
6.25	6	6.5	1.29E-06	7.39E-09	-7.39E-09	1.21E-07	-1.21E-07
6.75	6.5	7	6.87E-07	5.07E-09	-5.07E-09	6.51E-08	-6.51E-08
7.25	7	7.5	3.79E-07	3.57E-09	-3.57E-09	3.72E-08	-3.72E-08
7.75	7.5	8	2.17E-07	2.58E-09	-2.58E-09	2.13E-08	-2.13E-08
8.25	8	8.5	1.29E-07	1.92E-09	-1.92E-09	1.26E-08	-1.26E-08
8.75	8.5	9	7.93E-08	1.44E-09	-1.44E-09	7.74E-09	-7.74E-09
9.25	9	9.5	5.06E-08	1.11E-09	-1.11E-09	4.75E-09	-4.75E-09
9.75	9.5	10	3.16E-08	8.76E-10	-8.76E-10	2.97E-09	-2.97E-09
11	10	12	1.18E-08	2.32E-10	-2.32E-10	1.12E-09	-1.12E-09
13	12	14	2.94E-09	1.12E-10	-1.12E-10	2.82E-10	-2.82E-10
15	14	16	8.62E-10	4.85E-11	-4.85E-11	9.61E-11	-9.61E-11
17	16	18	2.84E-10	3.02E-11	-3.02E-11	3.68E-11	-3.68E-11
19	18	20	9.32E-11	2.01E-11	-2.01E-11	1.42E-11	-1.42E-11
21	20	22	0	0	0	0	0
23.5	22	25	0	0	0	0	0
							
centrality	0	5   23.6    2.6
pt	ptlow	pthigh	inv.yield	stat +	stat -	sys +	sys -
1.25	1	1.5	0.1355	0.0001208	-0.0001208	0.01096	-0.01096
1.75	1.5	2	0.02599	2.47E-05	-2.47E-05	0.002128	-0.002128
2.25	2	2.5	0.006106	7.76E-06	-7.76E-06	0.0005087	-0.0005087
2.75	2.5	3	0.001671	2.96E-06	-2.96E-06	0.000141	-0.000141
3.25	3	3.5	0.0005145	1.33E-06	-1.33E-06	4.42E-05	-4.42E-05
3.75	3.5	4	0.0001791	6.76E-07	-6.76E-07	1.55E-05	-1.55E-05
4.25	4	4.5	6.65E-05	3.75E-07	-3.75E-07	5.96E-06	-5.96E-06
4.75	4.5	5	2.74E-05	2.20E-07	-2.20E-07	2.48E-06	-2.48E-06
5.25	5	5.5	1.19E-05	1.35E-07	-1.35E-07	1.11E-06	-1.11E-06
5.75	5.5	6	5.66E-06	8.82E-08	-8.82E-08	5.29E-07	-5.29E-07
6.25	6	6.5	2.76E-06	5.94E-08	-5.94E-08	2.60E-07	-2.60E-07
6.75	6.5	7	1.45E-06	4.05E-08	-4.05E-08	1.37E-07	-1.37E-07
7.25	7	7.5	7.72E-07	2.80E-08	-2.80E-08	7.58E-08	-7.58E-08
7.75	7.5	8	4.52E-07	2.05E-08	-2.05E-08	4.44E-08	-4.44E-08
8.25	8	8.5	2.58E-07	1.49E-08	-1.49E-08	2.51E-08	-2.51E-08
8.75	8.5	9	1.63E-07	1.14E-08	-1.14E-08	1.60E-08	-1.60E-08
9.25	9	9.5	1.00E-07	8.58E-09	-8.58E-09	9.41E-09	-9.41E-09
9.75	9.5	10	7.09E-08	6.93E-09	-6.93E-09	6.67E-09	-6.67E-09
11	10	12	0	0	0	0	0
13	12	14	0	0	0	0	0
15	14	16	0	0	0	0	0
17	16	18	0	0	0	0	0
19	18	20	0	0	0	0	0
21	20	22	0	0	0	0	0
23.5	22	25	0	0	0	0	0
							
centrality	0	20  21.4  2.3
pt	ptlow	pthigh	inv.yield	stat +	stat -	sys +	sys -
1.25	1	1.5	0.1197	0.0001104	-0.0001104	0.009678	-0.009678
1.75	1.5	2	0.02199	2.40E-05	-2.40E-05	0.001801	-0.001801
2.25	2	2.5	0.005275	7.78E-06	-7.78E-06	0.0004394	-0.0004394
2.75	2.5	3	0.001446	3.02E-06	-3.02E-06	0.000122	-0.000122
3.25	3	3.5	0.0004471	1.37E-06	-1.37E-06	3.84E-05	-3.84E-05
3.75	3.5	4	0.0001561	7.04E-07	-7.04E-07	1.35E-05	-1.35E-05
4.25	4	4.5	5.91E-05	3.93E-07	-3.93E-07	5.29E-06	-5.29E-06
4.75	4.5	5	2.47E-05	2.31E-07	-2.31E-07	2.23E-06	-2.23E-06
5.25	5	5.5	1.08E-05	1.43E-07	-1.43E-07	1.00E-06	-1.00E-06
5.75	5.5	6	5.19E-06	9.38E-08	-9.38E-08	4.86E-07	-4.86E-07
6.25	6	6.5	2.59E-06	2.26E-08	-2.26E-08	2.43E-07	-2.43E-07
6.75	6.5	7	1.36E-06	1.54E-08	-1.54E-08	1.29E-07	-1.29E-07
7.25	7	7.5	7.46E-07	1.08E-08	-1.08E-08	7.31E-08	-7.31E-08
7.75	7.5	8	4.27E-07	7.74E-09	-7.74E-09	4.19E-08	-4.19E-08
8.25	8	8.5	2.50E-07	5.70E-09	-5.70E-09	2.44E-08	-2.44E-08
8.75	8.5	9	1.54E-07	4.32E-09	-4.32E-09	1.50E-08	-1.50E-08
9.25	9	9.5	9.73E-08	3.26E-09	-3.26E-09	9.14E-09	-9.14E-09
9.75	9.5	10	5.98E-08	2.58E-09	-2.58E-09	5.63E-09	-5.63E-09
11	10	12	2.29E-08	6.75E-10	-6.75E-10	2.18E-09	-2.18E-09
13	12	14	5.64E-09	3.28E-10	-3.28E-10	5.43E-10	-5.43E-10
15	14	16	1.73E-09	1.46E-10	-1.46E-10	1.93E-10	-1.93E-10
17	16	18	5.14E-10	8.41E-11	-8.41E-11	6.66E-11	-6.66E-11
19	18	20	1.79E-10	5.76E-11	-5.76E-11	2.73E-11	-2.73E-11
21	20	22	0	0	0	0	0
23.5	22	25	0	0	0	0	0
							
centrality	20	40  16.1  1.8
pt	ptlow	pthigh	inv.yield	stat +	stat -	sys +	sys -
1.25	1	1.5	0.09583	9.37E-05	-9.37E-05	0.007748	-0.007748
1.75	1.5	2	0.01673	1.94E-05	-1.94E-05	0.00137	-0.00137
2.25	2	2.5	0.003793	6.31E-06	-6.31E-06	0.000316	-0.000316
2.75	2.5	3	0.001043	2.50E-06	-2.50E-06	8.80E-05	-8.80E-05
3.25	3	3.5	0.0003237	1.15E-06	-1.15E-06	2.78E-05	-2.78E-05
3.75	3.5	4	0.0001153	6.02E-07	-6.02E-07	1.00E-05	-1.00E-05
4.25	4	4.5	4.35E-05	3.39E-07	-3.39E-07	3.89E-06	-3.89E-06
4.75	4.5	5	1.81E-05	2.02E-07	-2.02E-07	1.64E-06	-1.64E-06
5.25	5	5.5	8.01E-06	1.28E-07	-1.28E-07	7.44E-07	-7.44E-07
5.75	5.5	6	3.82E-06	8.28E-08	-8.28E-08	3.57E-07	-3.57E-07
6.25	6	6.5	1.89E-06	1.96E-08	-1.96E-08	1.78E-07	-1.78E-07
6.75	6.5	7	1.01E-06	1.34E-08	-1.34E-08	9.54E-08	-9.54E-08
7.25	7	7.5	5.50E-07	9.41E-09	-9.41E-09	5.40E-08	-5.40E-08
7.75	7.5	8	3.23E-07	6.86E-09	-6.86E-09	3.17E-08	-3.17E-08
8.25	8	8.5	1.93E-07	5.07E-09	-5.07E-09	1.89E-08	-1.89E-08
8.75	8.5	9	1.17E-07	3.80E-09	-3.80E-09	1.14E-08	-1.14E-08
9.25	9	9.5	7.61E-08	2.96E-09	-2.96E-09	7.15E-09	-7.15E-09
9.75	9.5	10	4.61E-08	2.33E-09	-2.33E-09	4.34E-09	-4.34E-09
11	10	12	1.82E-08	6.27E-10	-6.27E-10	1.73E-09	-1.73E-09
13	12	14	4.44E-09	2.93E-10	-2.93E-10	4.27E-10	-4.27E-10
15	14	16	1.30E-09	1.28E-10	-1.28E-10	1.45E-10	-1.45E-10
17	16	18	4.94E-10	8.16E-11	-8.16E-11	6.41E-11	-6.41E-11
19	18	20	1.94E-10	6.29E-11	-6.29E-11	2.96E-11	-2.96E-11
21	20	22	0	0	0	0	0
23.5	22	25	0	0	0	0	0
							
centrality	40	60  10.3    1.1
pt	ptlow	pthigh	inv.yield	stat +	stat -	sys +	sys -
1.25	1	1.5	0.05571	6.23E-05	-6.23E-05	0.004504	-0.004504
1.75	1.5	2	0.009673	1.37E-05	-1.37E-05	0.000792	-0.000792
2.25	2	2.5	0.002256	4.60E-06	-4.60E-06	0.0001879	-0.0001879
2.75	2.5	3	0.0006184	1.86E-06	-1.86E-06	5.22E-05	-5.22E-05
3.25	3	3.5	0.0001894	8.69E-07	-8.69E-07	1.63E-05	-1.63E-05
3.75	3.5	4	6.66E-05	4.56E-07	-4.56E-07	5.77E-06	-5.77E-06
4.25	4	4.5	2.52E-05	2.59E-07	-2.59E-07	2.26E-06	-2.26E-06
4.75	4.5	5	1.06E-05	1.54E-07	-1.54E-07	9.58E-07	-9.58E-07
5.25	5	5.5	4.63E-06	9.66E-08	-9.66E-08	4.31E-07	-4.31E-07
5.75	5.5	6	2.29E-06	6.45E-08	-6.45E-08	2.14E-07	-2.14E-07
6.25	6	6.5	1.15E-06	1.59E-08	-1.59E-08	1.08E-07	-1.08E-07
6.75	6.5	7	6.32E-07	1.11E-08	-1.11E-08	5.99E-08	-5.99E-08
7.25	7	7.5	3.61E-07	7.88E-09	-7.88E-09	3.54E-08	-3.54E-08
7.75	7.5	8	2.07E-07	5.69E-09	-5.69E-09	2.04E-08	-2.04E-08
8.25	8	8.5	1.31E-07	4.36E-09	-4.36E-09	1.28E-08	-1.28E-08
8.75	8.5	9	7.87E-08	3.20E-09	-3.20E-09	7.68E-09	-7.68E-09
9.25	9	9.5	4.91E-08	2.47E-09	-2.47E-09	4.61E-09	-4.61E-09
9.75	9.5	10	3.27E-08	1.97E-09	-1.97E-09	3.08E-09	-3.08E-09
11	10	12	1.18E-08	5.16E-10	-5.16E-10	1.12E-09	-1.12E-09
13	12	14	3.11E-09	2.57E-10	-2.57E-10	2.99E-10	-2.99E-10
15	14	16	7.30E-10	9.74E-11	-9.74E-11	8.13E-11	-8.13E-11
17	16	18	2.78E-10	7.70E-11	-7.70E-11	3.61E-11	-3.61E-11
19	18	20	6.20E-11	5.20E-11	-5.20E-11	9.45E-12	-9.45E-12
21	20	22	0	0	0	0	0
23.5	22	25	0	0	0	0	0
							
centrality	60	88  4.4   0.5
pt	ptlow	pthigh	inv.yield	stat +	stat -	sys +	sys -
1.25	1	1.5	0.02322	3.01E-05	-3.01E-05	0.001877	-0.001877
1.75	1.5	2	0.003847	6.80E-06	-6.80E-06	0.000315	-0.000315
2.25	2	2.5	0.0008927	2.33E-06	-2.33E-06	7.44E-05	-7.44E-05
2.75	2.5	3	0.0002366	9.67E-07	-9.67E-07	2.00E-05	-2.00E-05
3.25	3	3.5	7.27E-05	4.61E-07	-4.61E-07	6.24E-06	-6.24E-06
3.75	3.5	4	2.55E-05	2.44E-07	-2.44E-07	2.22E-06	-2.22E-06
4.25	4	4.5	9.54E-06	1.37E-07	-1.37E-07	8.54E-07	-8.54E-07
4.75	4.5	5	4.08E-06	8.34E-08	-8.34E-08	3.69E-07	-3.69E-07
5.25	5	5.5	1.78E-06	5.22E-08	-5.22E-08	1.65E-07	-1.65E-07
5.75	5.5	6	8.91E-07	3.55E-08	-3.55E-08	8.33E-08	-8.33E-08
6.25	6	6.5	4.54E-07	8.50E-09	-8.50E-09	4.26E-08	-4.26E-08
6.75	6.5	7	2.47E-07	5.88E-09	-5.88E-09	2.34E-08	-2.34E-08
7.25	7	7.5	1.40E-07	4.16E-09	-4.16E-09	1.38E-08	-1.38E-08
7.75	7.5	8	8.19E-08	3.05E-09	-3.05E-09	8.04E-09	-8.04E-09
8.25	8	8.5	4.90E-08	2.24E-09	-2.24E-09	4.78E-09	-4.78E-09
8.75	8.5	9	3.09E-08	1.74E-09	-1.74E-09	3.02E-09	-3.02E-09
9.25	9	9.5	2.01E-08	1.36E-09	-1.36E-09	1.89E-09	-1.89E-09
9.75	9.5	10	1.29E-08	1.07E-09	-1.07E-09	1.22E-09	-1.22E-09
11	10	12	4.70E-09	2.84E-10	-2.84E-10	4.46E-10	-4.46E-10
13	12	14	1.16E-09	1.40E-10	-1.40E-10	1.11E-10	-1.11E-10
15	14	16	3.64E-10	6.44E-11	-6.44E-11	4.05E-11	-4.05E-11
17	16	18	8.08E-11	3.29E-11	-3.29E-11	1.05E-11	-1.05E-11
19	18	20	3.01E-11	2.31E-11	-2.31E-11	4.58E-12	-4.58E-12
21	20	22	0	0	0	0	0
23.5	22	25	0	0	0	0	0
