centrality	0	20	16.4	1.2			
pt	ptlow	pthigh	inv.yield	stat +	stat -	sys +	sys -
0.55	0.5	0.6	0.0675503	0.00110613	-0.00110613	0.006079527	-0.006079527
0.65	0.6	0.7	0.0705445	0.000986134	-0.000986134	0.006349005	-0.006349005
0.75	0.7	0.8	0.0665883	0.000866738	-0.000866738	0.005992947	-0.005992947
0.85	0.8	0.9	0.0559098	0.000683228	-0.000683228	0.005031882	-0.005031882
0.95	0.9	1	0.0476942	0.000582271	-0.000582271	0.004292478	-0.004292478
1.05	1	1.1	0.0374011	0.00044396	-0.00044396	0.003366099	-0.003366099
1.15	1.1	1.2	0.0303688	0.000369859	-0.000369859	0.002733192	-0.002733192
1.25	1.2	1.3	0.023235	0.000283863	-0.000283863	0.00209115	-0.00209115
1.35	1.3	1.4	0.0182055	0.00022506	-0.00022506	0.001638495	-0.001638495
1.45	1.4	1.5	0.0145707	0.000185588	-0.000185588	0.001311363	-0.001311363
1.55	1.5	1.6	0.0109883	0.000140963	-0.000140963	0.000988947	-0.000988947
1.65	1.6	1.7	0.00848551	0.000111226	-0.000111226	0.000763696	-0.000763696
1.75	1.7	1.8	0.00656072	8.88E-05	-8.88E-05	0.000590465	-0.000590465
1.85	1.8	1.9	0.00500609	6.97E-05	-6.97E-05	0.000450548	-0.000450548
1.95	1.9	2	0.00377497	5.43E-05	-5.43E-05	0.000339747	-0.000339747
2.1	2	2.2	0.00257226	2.81E-05	-2.81E-05	0.000231503	-0.000231503
2.3	2.2	2.4	0.00155906	1.88E-05	-1.88E-05	0.000140315	-0.000140315
2.5	2.4	2.6	0.000930333	1.29E-05	-1.29E-05	8.37E-05	-8.37E-05
2.7	2.6	2.8	0.000549869	8.80E-06	-8.80E-06	4.95E-05	-4.95E-05
2.9	2.8	3	0.000333114	6.32E-06	-6.32E-06	3.00E-05	-3.00E-05
3.25	3	3.5	0.000152177	2.46E-06	-2.46E-06	1.67E-05	-1.67E-05
3.75	3.5	4	5.04E-05	1.25E-06	-1.25E-06	5.55E-06	-5.55E-06
4.25	4	4.5	1.87E-05	7.50E-07	-7.50E-07	2.06E-06	-2.06E-06
4.75	4.5	5	7.86E-06	5.07E-07	-5.07E-07	8.65E-07	-8.65E-07
							
centrality	20	40	12.2	9.00E-01			
pt	ptlow	pthigh	inv.yield	stat +	stat -	sys +	sys -
0.55	0.5	0.6	0.0527392	0.000879123	-0.000879123	0.004746528	-0.004746528
0.65	0.6	0.7	0.0544277	0.000771747	-0.000771747	0.004898493	-0.004898493
0.75	0.7	0.8	0.0499216	0.000658131	-0.000658131	0.004492944	-0.004492944
0.85	0.8	0.9	0.0410591	0.000509127	-0.000509127	0.003695319	-0.003695319
0.95	0.9	1	0.0347577	0.000432032	-0.000432032	0.003128193	-0.003128193
1.05	1	1.1	0.0268256	0.000325218	-0.000325218	0.002414304	-0.002414304
1.15	1.1	1.2	0.021704	0.000270974	-0.000270974	0.00195336	-0.00195336
1.25	1.2	1.3	0.0164366	0.000206905	-0.000206905	0.001479294	-0.001479294
1.35	1.3	1.4	0.0126632	0.000162514	-0.000162514	0.001139688	-0.001139688
1.45	1.4	1.5	0.00996633	0.000132499	-0.000132499	0.00089697	-0.00089697
1.55	1.5	1.6	0.00750744	0.000101748	-0.000101748	0.00067567	-0.00067567
1.65	1.6	1.7	0.00570602	7.95E-05	-7.95E-05	0.000513542	-0.000513542
1.75	1.7	1.8	0.00443842	6.47E-05	-6.47E-05	0.000399458	-0.000399458
1.85	1.8	1.9	0.0033256	5.04E-05	-5.04E-05	0.000299304	-0.000299304
1.95	1.9	2	0.00250039	3.96E-05	-3.96E-05	0.000225035	-0.000225035
2.1	2	2.2	0.00171247	2.11E-05	-2.11E-05	0.000154122	-0.000154122
2.3	2.2	2.4	0.000982544	1.38E-05	-1.38E-05	8.84E-05	-8.84E-05
2.5	2.4	2.6	0.000586403	9.71E-06	-9.71E-06	5.28E-05	-5.28E-05
2.7	2.6	2.8	0.000349553	6.80E-06	-6.80E-06	3.15E-05	-3.15E-05
2.9	2.8	3	0.000214693	5.03E-06	-5.03E-06	1.93E-05	-1.93E-05
3.25	3	3.5	0.000101507	2.03E-06	-2.03E-06	1.12E-05	-1.12E-05
3.75	3.5	4	3.33E-05	1.04E-06	-1.04E-06	3.66E-06	-3.66E-06
4.25	4	4.5	1.23E-05	6.27E-07	-6.27E-07	1.35E-06	-1.35E-06
4.75	4.5	5	5.71E-06	4.45E-07	-4.45E-07	6.28E-07	-6.28E-07
							
centrality	40	60	8.7	6.00E-01			
pt	ptlow	pthigh	inv.yield	stat +	stat -	sys +	sys -
0.55	0.5	0.6	0.0380612	0.000646704	-0.000646704	0.003425508	-0.003425508
0.65	0.6	0.7	0.0386693	0.00055906	-0.00055906	0.003480237	-0.003480237
0.75	0.7	0.8	0.0350222	0.000471682	-0.000471682	0.003151998	-0.003151998
0.85	0.8	0.9	0.0282309	0.000358201	-0.000358201	0.002540781	-0.002540781
0.95	0.9	1	0.0235513	0.000300537	-0.000300537	0.002119617	-0.002119617
1.05	1	1.1	0.0180396	0.000225962	-0.000225962	0.001623564	-0.001623564
1.15	1.1	1.2	0.0142879	0.000185338	-0.000185338	0.001285911	-0.001285911
1.25	1.2	1.3	0.0107399	0.000141784	-0.000141784	0.000966591	-0.000966591
1.35	1.3	1.4	0.00811479	0.00011047	-0.00011047	0.000730331	-0.000730331
1.45	1.4	1.5	0.00621678	8.86E-05	-8.86E-05	0.00055951	-0.00055951
1.55	1.5	1.6	0.00468355	6.91E-05	-6.91E-05	0.00042152	-0.00042152
1.65	1.6	1.7	0.00358728	5.51E-05	-5.51E-05	0.000322855	-0.000322855
1.75	1.7	1.8	0.00266101	4.34E-05	-4.34E-05	0.000239491	-0.000239491
1.85	1.8	1.9	0.00200558	3.48E-05	-3.48E-05	0.000180502	-0.000180502
1.95	1.9	2	0.00146437	2.72E-05	-2.72E-05	0.000131793	-0.000131793
2.1	2	2.2	0.00100927	1.48E-05	-1.48E-05	9.08E-05	-9.08E-05
2.3	2.2	2.4	0.000572474	9.95E-06	-9.95E-06	5.15E-05	-5.15E-05
2.5	2.4	2.6	0.000345619	7.23E-06	-7.23E-06	3.11E-05	-3.11E-05
2.7	2.6	2.8	0.000205949	5.13E-06	-5.13E-06	1.85E-05	-1.85E-05
2.9	2.8	3	0.000121393	3.70E-06	-3.70E-06	1.09E-05	-1.09E-05
3.25	3	3.5	5.81E-05	1.54E-06	-1.54E-06	6.39E-06	-6.39E-06
3.75	3.5	4	1.98E-05	8.08E-07	-8.08E-07	2.18E-06	-2.18E-06
4.25	4	4.5	8.29E-06	5.33E-07	-5.33E-07	9.12E-07	-9.12E-07
4.75	4.5	5	3.25E-06	3.31E-07	-3.31E-07	3.57E-07	-3.57E-07
							
centrality	60	88	4.1	3.00E-01			
pt	ptlow	pthigh	inv.yield	stat +	stat -	sys +	sys -
0.55	0.5	0.6	0.0202249	0.000351802	-0.000351802	0.001820241	-0.001820241
0.65	0.6	0.7	0.019757	0.000292439	-0.000292439	0.00177813	-0.00177813
0.75	0.7	0.8	0.0172779	0.00023896	-0.00023896	0.001555011	-0.001555011
0.85	0.8	0.9	0.0135724	0.00017832	-0.00017832	0.001221516	-0.001221516
0.95	0.9	1	0.0108446	0.0001439	-0.0001439	0.000976014	-0.000976014
1.05	1	1.1	0.00804752	0.000106206	-0.000106206	0.000724277	-0.000724277
1.15	1.1	1.2	0.00628887	8.67E-05	-8.67E-05	0.000565998	-0.000565998
1.25	1.2	1.3	0.00467407	6.67E-05	-6.67E-05	0.000420666	-0.000420666
1.35	1.3	1.4	0.00338434	5.06E-05	-5.06E-05	0.000304591	-0.000304591
1.45	1.4	1.5	0.00260129	4.14E-05	-4.14E-05	0.000234116	-0.000234116
1.55	1.5	1.6	0.00188036	3.17E-05	-3.17E-05	0.000169232	-0.000169232
1.65	1.6	1.7	0.0013898	2.49E-05	-2.49E-05	0.000125082	-0.000125082
1.75	1.7	1.8	0.0010517	2.05E-05	-2.05E-05	9.47E-05	-9.47E-05
1.85	1.8	1.9	0.00076827	1.63E-05	-1.63E-05	6.91E-05	-6.91E-05
1.95	1.9	2	0.000576869	1.32E-05	-1.32E-05	5.19E-05	-5.19E-05
2.1	2	2.2	0.000383623	7.18E-06	-7.18E-06	3.45E-05	-3.45E-05
2.3	2.2	2.4	0.000216591	4.89E-06	-4.89E-06	1.95E-05	-1.95E-05
2.5	2.4	2.6	0.000128113	3.57E-06	-3.57E-06	1.15E-05	-1.15E-05
2.7	2.6	2.8	6.98E-05	2.42E-06	-2.42E-06	6.28E-06	-6.28E-06
2.9	2.8	3	4.05E-05	1.77E-06	-1.77E-06	3.65E-06	-3.65E-06
3.25	3	3.5	2.07E-05	7.64E-07	-7.64E-07	2.28E-06	-2.28E-06
3.75	3.5	4	6.59E-06	3.89E-07	-3.89E-07	7.25E-07	-7.25E-07
4.25	4	4.5	3.17E-06	2.75E-07	-2.75E-07	3.48E-07	-3.48E-07
4.75	4.5	5	1.82E-06	2.27E-07	-2.27E-07	2.00E-07	-2.00E-07
