centrality	0	20	16.4	1.2			
pt	ptlow	pthigh	inv.yield	stat +	stat -	sys +	sys -
0.55	0.5	0.6	0.253428	0.00580936	-0.00580936	0.03294564	-0.03294564
0.65	0.6	0.7	0.194428	0.00383592	-0.00383592	0.02527564	-0.02527564
0.75	0.7	0.8	0.145339	0.00261478	-0.00261478	0.01889407	-0.01889407
0.85	0.8	0.9	0.103019	0.0017227	-0.0017227	0.01339247	-0.01339247
0.95	0.9	1	0.075207	0.00121586	-0.00121586	0.00977691	-0.00977691
1.05	1	1.1	0.0538069	0.000848024	-0.000848024	0.006994897	-0.006994897
1.15	1.1	1.2	0.038749	0.000608431	-0.000608431	0.00503737	-0.00503737
1.25	1.2	1.3	0.0289235	0.000453153	-0.000453153	0.003760055	-0.003760055
1.35	1.3	1.4	0.0211149	0.000325805	-0.000325805	0.002744937	-0.002744937
1.45	1.4	1.5	0.0156877	0.000241181	-0.000241181	0.002039401	-0.002039401
1.55	1.5	1.6	0.0116626	0.000180867	-0.000180867	0.001516138	-0.001516138
1.65	1.6	1.7	0.00914136	0.000144156	-0.000144156	0.001188377	-0.001188377
1.75	1.7	1.8	0.00685193	0.000109551	-0.000109551	0.000890751	-0.000890751
1.85	1.8	1.9	0.00535948	8.74E-05	-8.74E-05	0.000696732	-0.000696732
1.95	1.9	2	0.00418234	7.00E-05	-7.00E-05	0.000543704	-0.000543704
2.1	2	2.2	0.00295068	3.66E-05	-3.66E-05	0.000383588	-0.000383588
2.3	2.2	2.4	0.00193123	2.60E-05	-2.60E-05	0.00025106	-0.00025106
2.5	2.4	2.6	0.00117726	1.84E-05	-1.84E-05	0.000153044	-0.000153044
2.7	2.6	2.8	0.000754734	1.41E-05	-1.41E-05	9.81E-05	-9.81E-05
2.9	2.8	3	0.00048815	1.11E-05	-1.11E-05	6.35E-05	-6.35E-05
3.25	3	3.5	0.000238577	5.09E-06	-5.09E-06	3.10E-05	-3.10E-05
							
centrality	20	40	12.2	9.00E-01			
pt	ptlow	pthigh	inv.yield	stat +	stat -	sys +	sys -
0.55	0.5	0.6	0.189408	0.00437971	-0.00437971	0.02462304	-0.02462304
0.65	0.6	0.7	0.14256	0.00284216	-0.00284216	0.0185328	-0.0185328
0.75	0.7	0.8	0.10503	0.0019096	-0.0019096	0.0136539	-0.0136539
0.85	0.8	0.9	0.0738263	0.00125206	-0.00125206	0.009597419	-0.009597419
0.95	0.9	1	0.0530409	0.00087182	-0.00087182	0.006895317	-0.006895317
1.05	1	1.1	0.0385282	0.000620925	-0.000620925	0.005008666	-0.005008666
1.15	1.1	1.2	0.0280275	0.000452672	-0.000452672	0.003643575	-0.003643575
1.25	1.2	1.3	0.0202077	0.000327489	-0.000327489	0.002627001	-0.002627001
1.35	1.3	1.4	0.014667	0.000235485	-0.000235485	0.00190671	-0.00190671
1.45	1.4	1.5	0.0109674	0.00017649	-0.00017649	0.001425762	-0.001425762
1.55	1.5	1.6	0.00832896	0.000135877	-0.000135877	0.001082765	-0.001082765
1.65	1.6	1.7	0.00622117	0.000104743	-0.000104743	0.000808752	-0.000808752
1.75	1.7	1.8	0.00481058	8.26E-05	-8.26E-05	0.000625375	-0.000625375
1.85	1.8	1.9	0.00361867	6.46E-05	-6.46E-05	0.000470427	-0.000470427
1.95	1.9	2	0.00291867	5.35E-05	-5.35E-05	0.000379427	-0.000379427
2.1	2	2.2	0.00209291	2.88E-05	-2.88E-05	0.000272078	-0.000272078
2.3	2.2	2.4	0.00137356	2.07E-05	-2.07E-05	0.000178563	-0.000178563
2.5	2.4	2.6	0.000839776	1.50E-05	-1.50E-05	0.000109171	-0.000109171
2.7	2.6	2.8	0.000528453	1.15E-05	-1.15E-05	6.87E-05	-6.87E-05
2.9	2.8	3	0.000347053	9.24E-06	-9.24E-06	4.51E-05	-4.51E-05
3.25	3	3.5	0.000181947	4.47E-06	-4.47E-06	2.37E-05	-2.37E-05
							
centrality	40	60	8.7	6.00E-01			
pt	ptlow	pthigh	inv.yield	stat +	stat -	sys +	sys -
0.55	0.5	0.6	0.132756	0.0031232	-0.0031232	0.01725828	-0.01725828
0.65	0.6	0.7	0.0972584	0.00196344	-0.00196344	0.012643592	-0.012643592
0.75	0.7	0.8	0.0710809	0.00131623	-0.00131623	0.009240517	-0.009240517
0.85	0.8	0.9	0.0490494	0.000849925	-0.000849925	0.006376422	-0.006376422
0.95	0.9	1	0.0354252	0.000598783	-0.000598783	0.004605276	-0.004605276
1.05	1	1.1	0.0248469	0.000414512	-0.000414512	0.003230097	-0.003230097
1.15	1.1	1.2	0.0178242	0.000300426	-0.000300426	0.002317146	-0.002317146
1.25	1.2	1.3	0.0130609	0.000223356	-0.000223356	0.001697917	-0.001697917
1.35	1.3	1.4	0.00943549	0.000161496	-0.000161496	0.001226614	-0.001226614
1.45	1.4	1.5	0.00703731	0.000121889	-0.000121889	0.00091485	-0.00091485
1.55	1.5	1.6	0.00514151	9.21E-05	-9.21E-05	0.000668396	-0.000668396
1.65	1.6	1.7	0.00401476	7.44E-05	-7.44E-05	0.000521919	-0.000521919
1.75	1.7	1.8	0.00302183	5.80E-05	-5.80E-05	0.000392838	-0.000392838
1.85	1.8	1.9	0.00237135	4.77E-05	-4.77E-05	0.000308276	-0.000308276
1.95	1.9	2	0.00179452	3.80E-05	-3.80E-05	0.000233288	-0.000233288
2.1	2	2.2	0.00132216	2.12E-05	-2.12E-05	0.000171881	-0.000171881
2.3	2.2	2.4	0.000844078	1.53E-05	-1.53E-05	0.00010973	-0.00010973
2.5	2.4	2.6	0.000524755	1.14E-05	-1.14E-05	6.82E-05	-6.82E-05
2.7	2.6	2.8	0.000349557	9.23E-06	-9.23E-06	4.54E-05	-4.54E-05
2.9	2.8	3	0.000231848	7.39E-06	-7.39E-06	3.01E-05	-3.01E-05
3.25	3	3.5	0.000116596	3.60E-06	-3.60E-06	1.52E-05	-1.52E-05
							
centrality	60	88	4.1	3.00E-01			
pt	ptlow	pthigh	inv.yield	stat +	stat -	sys +	sys -
0.55	0.5	0.6	0.0669736	0.00159377	-0.00159377	0.008706568	-0.008706568
0.65	0.6	0.7	0.049258	0.0010184	-0.0010184	0.00640354	-0.00640354
0.75	0.7	0.8	0.0340894	0.000646574	-0.000646574	0.004431622	-0.004431622
0.85	0.8	0.9	0.0233353	0.000417528	-0.000417528	0.003033589	-0.003033589
0.95	0.9	1	0.0159357	0.000280598	-0.000280598	0.002071641	-0.002071641
1.05	1	1.1	0.011382	0.000199943	-0.000199943	0.00147966	-0.00147966
1.15	1.1	1.2	0.00808801	0.000144711	-0.000144711	0.001051441	-0.001051441
1.25	1.2	1.3	0.00580122	0.000106943	-0.000106943	0.000754159	-0.000754159
1.35	1.3	1.4	0.00410193	7.70E-05	-7.70E-05	0.000533251	-0.000533251
1.45	1.4	1.5	0.00307167	5.92E-05	-5.92E-05	0.000399317	-0.000399317
1.55	1.5	1.6	0.00222609	4.50E-05	-4.50E-05	0.000289392	-0.000289392
1.65	1.6	1.7	0.00167038	3.56E-05	-3.56E-05	0.000217149	-0.000217149
1.75	1.7	1.8	0.0012871	2.88E-05	-2.88E-05	0.000167323	-0.000167323
1.85	1.8	1.9	0.00100198	2.38E-05	-2.38E-05	0.000130257	-0.000130257
1.95	1.9	2	0.000731966	1.86E-05	-1.86E-05	9.52E-05	-9.52E-05
2.1	2	2.2	0.000542174	1.06E-05	-1.06E-05	7.05E-05	-7.05E-05
2.3	2.2	2.4	0.000367789	8.08E-06	-8.08E-06	4.78E-05	-4.78E-05
2.5	2.4	2.6	0.000231542	6.18E-06	-6.18E-06	3.01E-05	-3.01E-05
2.7	2.6	2.8	0.00014667	4.86E-06	-4.86E-06	1.91E-05	-1.91E-05
2.9	2.8	3	9.73E-05	4.09E-06	-4.09E-06	1.27E-05	-1.27E-05
3.25	3	3.5	5.41E-05	2.07E-06	-2.07E-06	7.04E-06	-7.04E-06
