centrality	0	20	434.5	0			
pt	ptlow	pthigh	inv.yield	stat +	stat -	sys +	sys -
0.525	0.5	0.55	5.6431825	1.249690324	1.249690324	0	0
0.575	0.55	0.6	5.2404275	1.161157999	1.161157999	0	0
0.625	0.6	0.65	4.8962125	1.085165795	1.085165795	0	0
0.675	0.65	0.7	4.59399	1.017213128	1.017213128	0	0
0.725	0.7	0.75	4.3842475	0.97462357	0.97462357	0	0
0.775	0.75	0.8	4.065715	0.90557563	0.90557563	0	0
0.825	0.8	0.85	3.8312875	0.851165751	0.851165751	0	0
0.875	0.85	0.9	3.5601525	0.794438483	0.794438483	0	0
0.925	0.9	0.95	3.381995	0.751598627	0.751598627	0	0
0.975	0.95	1	3.1521925	0.702846615	0.702846615	0	0
1.05	1	1.1	2.7820825	0.623098811	0.623098811	0	0
1.15	1.1	1.2	2.3364925	0.525087642	0.525087642	0	0
1.25	1.2	1.3	1.9259425	0.433777743	0.433777743	0	0
1.35	1.3	1.4	1.5513525	0.349928621	0.349928621	0	0
1.45	1.4	1.5	1.230093	0.278113886	0.278113886	0	0
1.55	1.5	1.6	0.9608355	0.217446744	0.217446744	0	0
1.65	1.6	1.7	0.74106175	0.16787747	0.16787747	0	0
1.75	1.7	1.8	0.56780425	0.128721008	0.128721008	0	0
1.85	1.8	1.9	0.4323285	0.098014545	0.098014545	0	0
1.95	1.9	2	0.327651	0.074246783	0.074246783	0	0
							
centrality	20	40	427	0			
pt	ptlow	pthigh	inv.yield	stat +	stat -	sys +	sys -
0.525	0.5	0.55	5.82752	0.500746394	0.500746394	0	0
0.575	0.55	0.6	5.43925	0.467734033	0.467734033	0	0
0.625	0.6	0.65	5.0578	0.435358132	0.435358132	0	0
0.675	0.65	0.7	4.71625	0.406401319	0.406401319	0	0
0.725	0.7	0.75	4.40871	0.38029244	0.38029244	0	0
0.775	0.75	0.8	4.04622	0.349236229	0.349236229	0	0
0.825	0.8	0.85	3.79166	0.327599325	0.327599325	0	0
0.875	0.85	0.9	3.41526	0.295295248	0.295295248	0	0
0.925	0.9	0.95	3.19906	0.276965681	0.276965681	0	0
0.975	0.95	1	2.96137	0.256449536	0.256449536	0	0
1.05	1	1.1	2.513025	0.21821816	0.21821816	0	0
1.15	1.1	1.2	2.05066	0.178401844	0.178401844	0	0
1.25	1.2	1.3	1.648757	0.14365953	0.14365953	0	0
1.35	1.3	1.4	1.302591	0.113634282	0.113634282	0	0
1.45	1.4	1.5	1.013927	0.088562384	0.088562384	0	0
1.55	1.5	1.6	0.778825	0.068092546	0.068092546	0	0
1.65	1.6	1.7	0.593491	0.051956062	0.051956062	0	0
1.75	1.7	1.8	0.450981	0.039502319	0.039502319	0	0
1.85	1.8	1.9	0.341522	0.029932622	0.029932622	0	0
1.95	1.9	2	0.2579134	0.022610608	0.022610608	0	0
							
centrality	40	50	104	0			
pt	ptlow	pthigh	inv.yield	stat +	stat -	sys +	sys -
0.525	0.5	0.55	1.64646	0.197579	-0.197579	0	0
0.575	0.55	0.6	1.52397	0.18288	-0.18288	0	0
0.625	0.6	0.65	1.39763	0.167719	-0.167719	0	0
0.675	0.65	0.7	1.27767	0.153323	-0.153323	0	0
0.725	0.7	0.75	1.16919	0.140306	-0.140306	0	0
0.775	0.75	0.8	1.05595	0.126717	-0.126717	0	0
0.825	0.8	0.85	0.972208	0.116668	-0.116668	0	0
0.875	0.85	0.9	0.862948	0.103556	-0.103556	0	0
0.925	0.9	0.95	0.783493	0.0940217	-0.0940217	0	0
0.975	0.95	1	0.693559	0.0832303	-0.0832303	0	0
1.05	1	1.1	0.586428	0.0703729	-0.0703729	0	0
1.15	1.1	1.2	0.46301	0.0555626	-0.0555626	0	0
1.25	1.2	1.3	0.362074	0.0434503	-0.0434503	0	0
1.35	1.3	1.4	0.279251	0.0335114	-0.0335114	0	0
1.45	1.4	1.5	0.212342	0.0254822	-0.0254822	0	0
1.55	1.5	1.6	0.159865	0.0191849	-0.0191849	0	0
1.65	1.6	1.7	0.119569	0.0143493	-0.0143493	0	0
1.75	1.7	1.8	0.089143	0.0106981	-0.0106981	0	0
1.85	1.8	1.9	0.0666975	0.00800462	-0.00800462	0	0
1.95	1.9	2	0.0497204	0.00596732	-0.00596732	0	0
							
centrality	50	60	59	0			
pt	ptlow	pthigh	inv.yield	stat +	stat -	sys +	sys -
0.525	0.5	0.55	1.03542	0.124256	-0.124256	0	0
0.575	0.55	0.6	0.950207	0.114029	-0.114029	0	0
0.625	0.6	0.65	0.861023	0.103327	-0.103327	0	0
0.675	0.65	0.7	0.777885	0.0933498	-0.0933498	0	0
0.725	0.7	0.75	0.700749	0.0840931	-0.0840931	0	0
0.775	0.75	0.8	0.625919	0.0751134	-0.0751134	0	0
0.825	0.8	0.85	0.568181	0.0681846	-0.0681846	0	0
0.875	0.85	0.9	0.49875	0.0598526	-0.0598526	0	0
0.925	0.9	0.95	0.4464	0.0535706	-0.0535706	0	0
0.975	0.95	1	0.392647	0.0471212	-0.0471212	0	0
1.05	1	1.1	0.322134	0.0386577	-0.0386577	0	0
1.15	1.1	1.2	0.25016	0.0300207	-0.0300207	0	0
1.25	1.2	1.3	0.192182	0.0230633	-0.0230633	0	0
1.35	1.3	1.4	0.145828	0.0175007	-0.0175007	0	0
1.45	1.4	1.5	0.109938	0.0131937	-0.0131937	0	0
1.55	1.5	1.6	0.0821184	0.00985535	-0.00985535	0	0
1.65	1.6	1.7	0.0610967	0.00733267	-0.00733267	0	0
1.75	1.7	1.8	0.0454713	0.00545756	-0.00545756	0	0
1.85	1.8	1.9	0.0339689	0.00407723	-0.00407723	0	0
1.95	1.9	2	0.0254297	0.00305249	-0.00305249	0	0
							
centrality	60	70	29.5	0			
pt	ptlow	pthigh	inv.yield	stat +	stat -	sys +	sys -
0.525	0.5	0.55	0.561627	0.0674007	-0.0674007	0	0
0.575	0.55	0.6	0.517283	0.0620784	-0.0620784	0	0
0.625	0.6	0.65	0.473659	0.0568429	-0.0568429	0	0
0.675	0.65	0.7	0.413912	0.049673	-0.049673	0	0
0.725	0.7	0.75	0.373901	0.0448713	-0.0448713	0	0
0.775	0.75	0.8	0.329189	0.0395057	-0.0395057	0	0
0.825	0.8	0.85	0.293226	0.03519	-0.03519	0	0
0.875	0.85	0.9	0.252854	0.0303452	-0.0303452	0	0
0.925	0.9	0.95	0.225838	0.0271032	-0.0271032	0	0
0.975	0.95	1	0.194894	0.023391	-0.023391	0	0
1.05	1	1.1	0.155905	0.0187102	-0.0187102	0	0
1.15	1.1	1.2	0.117707	0.0141262	-0.0141262	0	0
1.25	1.2	1.3	0.0884586	0.0106164	-0.0106164	0	0
1.35	1.3	1.4	0.0663438	0.00796253	-0.00796253	0	0
1.45	1.4	1.5	0.0488196	0.00585954	-0.00585954	0	0
1.55	1.5	1.6	0.0360473	0.00432678	-0.00432678	0	0
1.65	1.6	1.7	0.0263393	0.00316176	-0.00316176	0	0
1.75	1.7	1.8	0.0192909	0.00231589	-0.00231589	0	0
1.85	1.8	1.9	0.0142416	0.00170992	-0.00170992	0	0
1.95	1.9	2	0.0106121	0.00127434	-0.00127434	0	0
							
centrality	70	80	13	0			
pt	ptlow	pthigh	inv.yield	stat +	stat -	sys +	sys -
0.525	0.5	0.55	0.271418	0.0325763	-0.0325763	0	0
0.575	0.55	0.6	0.250307	0.0300422	-0.0300422	0	0
0.625	0.6	0.65	0.221385	0.0265712	-0.0265712	0	0
0.675	0.65	0.7	0.194993	0.0234037	-0.0234037	0	0
0.725	0.7	0.75	0.168965	0.0202799	-0.0202799	0	0
0.775	0.75	0.8	0.146566	0.0175916	-0.0175916	0	0
0.825	0.8	0.85	0.12928	0.0155173	-0.0155173	0	0
0.875	0.85	0.9	0.109923	0.0131943	-0.0131943	0	0
0.925	0.9	0.95	0.0960458	0.0115289	-0.0115289	0	0
0.975	0.95	1	0.0819898	0.00984348	-0.00984348	0	0
1.05	1	1.1	0.0640004	0.00768206	-0.00768206	0	0
1.15	1.1	1.2	0.0469135	0.00563147	-0.00563147	0	0
1.25	1.2	1.3	0.0349045	0.00419027	-0.00419027	0	0
1.35	1.3	1.4	0.0252332	0.0030296	-0.0030296	0	0
1.45	1.4	1.5	0.0184047	0.00221007	-0.00221007	0	0
1.55	1.5	1.6	0.0133166	0.00159941	-0.00159941	0	0
1.65	1.6	1.7	0.0096421	0.00115838	-0.00115838	0	0
1.75	1.7	1.8	0.00699434	0.00084057	-0.00084057	0	0
1.85	1.8	1.9	0.00514605	0.000618705	-0.000618705	0	0
1.95	1.9	2	0.00363514	0.00043735	-0.00043735	0	0
