centrality	0	20	434.5	0			
pt	ptlow	pthigh	inv.yield	stat +	stat -	sys +	sys -
0.225	0.2	0.25	385.2475	57.66919812	57.66919812	0	0
0.275	0.25	0.3	301.33525	45.20288748	45.20288748	0	0
0.325	0.3	0.35	234.11175	35.12867898	35.12867898	0	0
0.375	0.35	0.4	181.16475	27.19379149	27.19379149	0	0
0.425	0.4	0.45	140.062	21.02931824	21.02931824	0	0
0.475	0.45	0.5	106.3049	16.00012702	16.00012702	0	0
0.525	0.5	0.55	82.852825	12.42917273	12.42917273	0	0
0.575	0.55	0.6	65.052875	9.782320711	9.782320711	0	0
0.625	0.6	0.65	52.370125	7.869449649	7.869449649	0	0
0.675	0.65	0.7	41.1568	6.175638505	6.175638505	0	0
0.725	0.7	0.75	32.850225	4.970632043	4.970632043	0	0
0.775	0.75	0.8	27.057675	4.050738698	4.050738698	0	0
0.85	0.8	0.9	19.4716	2.921363019	2.921363019	0	0
0.95	0.9	1	12.77405	1.917292518	1.917292518	0	0
1.05	1	1.1	8.4994725	1.275156431	1.275156431	0	0
1.15	1.1	1.2	5.723375	0.857982583	0.857982583	0	0
1.25	1.2	1.3	3.87651	0.580625453	0.580625453	0	0
1.35	1.3	1.4	2.64999	0.396496049	0.396496049	0	0
1.45	1.4	1.5	1.8257825	0.27300478	0.27300478	0	0
1.55	1.5	1.6	1.26771	0.189340755	0.189340755	0	0
1.65	1.6	1.7	0.88503875	0.132070597	0.132070597	0	0
1.75	1.7	1.8	0.6222105	0.092769921	0.092769921	0	0
1.85	1.8	1.9	0.44102625	0.065646533	0.065646533	0	0
1.95	1.9	2	0.3151705	0.046894887	0.046894887	0	0
							
centrality	20	40	427	0			
pt	ptlow	pthigh	inv.yield	stat +	stat -	sys +	sys -
0.225	0.2	0.25	353.028	20.38537829	20.38537829	0	0
0.275	0.25	0.3	274.293	15.86087816	15.86087816	0	0
0.325	0.3	0.35	211.0359	12.19800193	12.19800193	0	0
0.375	0.35	0.4	162.3826	9.388940695	9.388940695	0	0
0.425	0.4	0.45	124.8931	7.224550259	7.224550259	0	0
0.475	0.45	0.5	95.5406	5.517840305	5.517840305	0	0
0.525	0.5	0.55	74.3719	4.300611686	4.300611686	0	0
0.575	0.55	0.6	56.8366	3.279809828	3.279809828	0	0
0.625	0.6	0.65	45.4381	2.628401247	2.628401247	0	0
0.675	0.65	0.7	35.7054	2.069551804	2.069551804	0	0
0.725	0.7	0.75	28.7049	1.664113402	1.664113402	0	0
0.775	0.75	0.8	23.40183	1.356041106	1.356041106	0	0
0.85	0.8	0.9	16.99382	0.984876418	0.984876418	0	0
0.95	0.9	1	11.06918	0.641869968	0.641869968	0	0
1.05	1	1.1	7.36292	0.427132265	0.427132265	0	0
1.15	1.1	1.2	4.96964	0.288305638	0.288305638	0	0
1.25	1.2	1.3	3.37952	0.196063033	0.196063033	0	0
1.35	1.3	1.4	2.32024	0.134586655	0.134586655	0	0
1.45	1.4	1.5	1.607827	0.093254498	0.093254498	0	0
1.55	1.5	1.6	1.124339	0.065208185	0.065208185	0	0
1.65	1.6	1.7	0.790196	0.045815854	0.045815854	0	0
1.75	1.7	1.8	0.561042	0.032516764	0.032516764	0	0
1.85	1.8	1.9	0.40087	0.023224691	0.023224691	0	0
1.95	1.9	2	0.288945	0.016734562	0.016734562	0	0
							
centrality	40	50	104	0			
pt	ptlow	pthigh	inv.yield	stat +	stat -	sys +	sys -
0.225	0.2	0.25	88.6759	7.09409	-7.09409	0	0
0.275	0.25	0.3	64.7828	5.18263	-5.18263	0	0
0.325	0.3	0.35	48.8062	3.9045	-3.9045	0	0
0.375	0.35	0.4	37.0385	2.96309	-2.96309	0	0
0.425	0.4	0.45	29.0989	2.32792	-2.32792	0	0
0.475	0.45	0.5	22.1484	1.77188	-1.77188	0	0
0.525	0.5	0.55	16.9589	1.35672	-1.35672	0	0
0.575	0.55	0.6	13.3229	1.06584	-1.06584	0	0
0.625	0.6	0.65	10.611	0.848889	-0.848889	0	0
0.675	0.65	0.7	8.20985	0.656793	-0.656793	0	0
0.725	0.7	0.75	6.56854	0.525494	-0.525494	0	0
0.775	0.75	0.8	5.3539	0.428335	-0.428335	0	0
0.85	0.8	0.9	3.8955	0.311644	-0.311644	0	0
0.95	0.9	1	2.51896	0.20152	-0.20152	0	0
1.05	1	1.1	1.66601	0.133284	-0.133284	0	0
1.15	1.1	1.2	1.12423	0.0899405	-0.0899405	0	0
1.25	1.2	1.3	0.764986	0.0612011	-0.0612011	0	0
1.35	1.3	1.4	0.526621	0.0421317	-0.0421317	0	0
1.45	1.4	1.5	0.366062	0.0292869	-0.0292869	0	0
1.55	1.5	1.6	0.256495	0.0205214	-0.0205214	0	0
1.65	1.6	1.7	0.181677	0.0145359	-0.0145359	0	0
1.75	1.7	1.8	0.129427	0.0103558	-0.0103558	0	0
1.85	1.8	1.9	0.0930373	0.00744458	-0.00744458	0	0
1.95	1.9	2	0.0673868	0.00539249	-0.00539249	0	0
							
centrality	50	60	59	0			
pt	ptlow	pthigh	inv.yield	stat +	stat -	sys +	sys -
0.225	0.2	0.25	51.8273	4.1462	-4.1462	0	0
0.275	0.25	0.3	39.0438	3.12351	-3.12351	0	0
0.325	0.3	0.35	29.4973	2.35979	-2.35979	0	0
0.375	0.35	0.4	22.4056	1.79246	-1.79246	0	0
0.425	0.4	0.45	16.682	1.33457	-1.33457	0	0
0.475	0.45	0.5	12.7904	1.02324	-1.02324	0	0
0.525	0.5	0.55	10.0218	0.801748	-0.801748	0	0
0.575	0.55	0.6	7.69583	0.615673	-0.615673	0	0
0.625	0.6	0.65	6.02683	0.482152	-0.482152	0	0
0.675	0.65	0.7	4.70229	0.376189	-0.376189	0	0
0.725	0.7	0.75	3.67611	0.294095	-0.294095	0	0
0.775	0.75	0.8	2.98778	0.239046	-0.239046	0	0
0.85	0.8	0.9	2.16395	0.17312	-0.17312	0	0
0.95	0.9	1	1.38693	0.110957	-0.110957	0	0
1.05	1	1.1	0.911969	0.0729603	-0.0729603	0	0
1.15	1.1	1.2	0.612301	0.0489866	-0.0489866	0	0
1.25	1.2	1.3	0.415459	0.033239	-0.033239	0	0
1.35	1.3	1.4	0.284739	0.0227813	-0.0227813	0	0
1.45	1.4	1.5	0.198279	0.0158643	-0.0158643	0	0
1.55	1.5	1.6	0.138829	0.0111082	-0.0111082	0	0
1.65	1.6	1.7	0.0984791	0.00788008	-0.00788008	0	0
1.75	1.7	1.8	0.0702676	0.00562308	-0.00562308	0	0
1.85	1.8	1.9	0.0504348	0.0040364	-0.0040364	0	0
1.95	1.9	2	0.0367797	0.00294395	-0.00294395	0	0
							
centrality	60	70	29.5	0			
pt	ptlow	pthigh	inv.yield	stat +	stat -	sys +	sys -
0.225	0.2	0.25	26.7243	2.13796	-2.13796	0	0
0.275	0.25	0.3	19.7967	1.58375	-1.58375	0	0
0.325	0.3	0.35	15.48	1.23841	-1.23841	0	0
0.375	0.35	0.4	11.7722	0.941782	-0.941782	0	0
0.425	0.4	0.45	8.89486	0.711597	-0.711597	0	0
0.475	0.45	0.5	6.65425	0.532347	-0.532347	0	0
0.525	0.5	0.55	5.08621	0.406904	-0.406904	0	0
0.575	0.55	0.6	3.90529	0.312431	-0.312431	0	0
0.625	0.6	0.65	3.09111	0.247294	-0.247294	0	0
0.675	0.65	0.7	2.37951	0.190367	-0.190367	0	0
0.725	0.7	0.75	1.91993	0.1536	-0.1536	0	0
0.775	0.75	0.8	1.51116	0.120899	-0.120899	0	0
0.85	0.8	0.9	1.07727	0.0861846	-0.0861846	0	0
0.95	0.9	1	0.683875	0.054713	-0.054713	0	0
1.05	1	1.1	0.445869	0.0356722	-0.0356722	0	0
1.15	1.1	1.2	0.297331	0.023789	-0.023789	0	0
1.25	1.2	1.3	0.201066	0.0160875	-0.0160875	0	0
1.35	1.3	1.4	0.137869	0.0110316	-0.0110316	0	0
1.45	1.4	1.5	0.0952637	0.00762305	-0.00762305	0	0
1.55	1.5	1.6	0.0670447	0.00536541	-0.00536541	0	0
1.65	1.6	1.7	0.0472448	0.00378132	-0.00378132	0	0
1.75	1.7	1.8	0.0339207	0.00271533	-0.00271533	0	0
1.85	1.8	1.9	0.0244481	0.00195745	-0.00195745	0	0
1.95	1.9	2	0.0178847	0.00143233	-0.00143233	0	0
							
centrality	70	80	13	0			
pt	ptlow	pthigh	inv.yield	stat +	stat -	sys +	sys -
0.225	0.2	0.25	13.1424	1.05141	-1.05141	0	0
0.275	0.25	0.3	9.72947	0.778374	-0.778374	0	0
0.325	0.3	0.35	7.30546	0.58445	-0.58445	0	0
0.375	0.35	0.4	5.48366	0.438705	-0.438705	0	0
0.425	0.4	0.45	4.05986	0.324799	-0.324799	0	0
0.475	0.45	0.5	3.06417	0.245143	-0.245143	0	0
0.525	0.5	0.55	2.30405	0.184333	-0.184333	0	0
0.575	0.55	0.6	1.75784	0.140635	-0.140635	0	0
0.625	0.6	0.65	1.38129	0.11051	-0.11051	0	0
0.675	0.65	0.7	1.05213	0.0841786	-0.0841786	0	0
0.725	0.7	0.75	0.816157	0.0653061	-0.0653061	0	0
0.775	0.75	0.8	0.652754	0.0522268	-0.0522268	0	0
0.85	0.8	0.9	0.46697	0.0373618	-0.0373618	0	0
0.95	0.9	1	0.293581	0.0234902	-0.0234902	0	0
1.05	1	1.1	0.189103	0.0151317	-0.0151317	0	0
1.15	1.1	1.2	0.125005	0.0100035	-0.0100035	0	0
1.25	1.2	1.3	0.0843759	0.00675294	-0.00675294	0	0
1.35	1.3	1.4	0.0574277	0.00459688	-0.00459688	0	0
1.45	1.4	1.5	0.0397367	0.00318143	-0.00318143	0	0
1.55	1.5	1.6	0.0275172	0.00220372	-0.00220372	0	0
1.65	1.6	1.7	0.0195544	0.00156659	-0.00156659	0	0
1.75	1.7	1.8	0.0140406	0.00112539	-0.00112539	0	0
1.85	1.8	1.9	0.00995929	0.000798806	-0.000798806	0	0
1.95	1.9	2	0.00723219	0.000580584	-0.000580584	0	0
