centrality	0	100	6.7	0			
pt	ptlow	pthigh	inv.yield	stat +	stat -	sys +	sys -
0.55	0.45	0.65	0.0301873	0.000266012	-0.000266012	0	0
0.65	0.55	0.75	0.0288279	0.000225749	-0.000225749	0	0
0.75	0.65	0.85	0.0247706	0.000191871	-0.000191871	0	0
0.85	0.75	0.95	0.0193173	0.000154464	-0.000154464	0	0
0.95	0.85	1.05	0.0149231	0.000126654	-0.000126654	0	0
1.05	0.95	1.15	0.0115674	0.000105675	-0.000105675	0	0
1.15	1.05	1.25	0.00896065	9.08506E-05	-9.08506E-05	0	0
1.25	1.15	1.35	0.00631433	7.07468E-05	-7.07468E-05	0	0
1.35	1.25	1.45	0.00464581	0.000057955	-0.000057955	0	0
1.5	1.3	1.7	0.00291288	4.38108E-05	-4.38108E-05	0	0
1.7	1.5	1.9	0.00157684	0.000030044	-0.000030044	0	0
1.9	1.7	2.1	0.00090179	2.17512E-05	-2.17512E-05	0	0
2.1	1.9	2.3	0.000493459	1.49708E-05	-1.49708E-05	0	0
2.3	2.1	2.5	0.000255031	0.000010072	-0.000010072	0	0
2.5	2.3	2.7	0.000186011	8.99244E-06	-8.99244E-06	0	0
2.7	2.5	2.9	0.00010067	5.93557E-06	-5.93557E-06	0	0
2.9	2.7	3.1	0.000068228	4.80224E-06	-4.80224E-06	0	0
							
centrality	0	20	10.4	0			
pt	ptlow	pthigh	inv.yield	stat +	stat -	sys +	sys -
0.55	0.45	0.65	0.0489743	0.000706295	-0.000706295	0	0
0.65	0.55	0.75	0.0477581	0.000605698	-0.000605698	0	0
0.75	0.65	0.85	0.0411641	0.0005156	-0.0005156	0	0
0.85	0.75	0.95	0.0329592	0.000420588	-0.000420588	0	0
0.95	0.85	1.05	0.0265776	0.000352338	-0.000352338	0	0
1.05	0.95	1.15	0.0202703	0.000291606	-0.000291606	0	0
1.15	1.05	1.25	0.0166148	0.000257881	-0.000257881	0	0
1.25	1.15	1.35	0.0118763	0.000202254	-0.000202254	0	0
1.35	1.25	1.45	0.00876186	0.00016591	-0.00016591	0	0
1.5	1.3	1.7	0.00556277	0.000126273	-0.000126273	0	0
1.7	1.5	1.9	0.00304641	8.70747E-05	-8.70747E-05	0	0
1.9	1.7	2.1	0.00182817	6.45929E-05	-6.45929E-05	0	0
2.1	1.9	2.3	0.000992056	4.43068E-05	-4.43068E-05	0	0
2.3	2.1	2.5	0.000503253	2.94938E-05	-2.94938E-05	0	0
2.5	2.3	2.7	0.00036258	2.61899E-05	-2.61899E-05	0	0
2.7	2.5	2.9	0.000216689	1.81202E-05	-1.81202E-05	0	0
2.9	2.7	3.1	0.00014721	1.47058E-05	-1.47058E-05	0	0
							
centrality	0	5	12.3	0			
pt	ptlow	pthigh	inv.yield	stat +	stat -	sys +	sys -
0.55	0.45	0.65	0.0555002	0.000337127	-0.000337127	0	0
0.65	0.55	0.75	0.0550975	0.000291705	-0.000291705	0	0
0.75	0.65	0.85	0.0488146	0.000251752	-0.000251752	0	0
0.85	0.75	0.95	0.0396332	0.000206796	-0.000206796	0	0
0.95	0.85	1.05	0.0311908	0.000171143	-0.000171143	0	0
1.05	0.95	1.15	0.0241316	0.000142661	-0.000142661	0	0
1.15	1.05	1.25	0.0195992	0.000125584	-0.000125584	0	0
1.25	1.15	1.35	0.0141493	9.89851E-05	-9.89851E-05	0	0
1.35	1.25	1.45	0.0105615	8.16735E-05	-8.16735E-05	0	0
1.5	1.3	1.7	0.00686972	6.28801E-05	-6.28801E-05	0	0
1.7	1.5	1.9	0.0037985	4.36056E-05	-4.36056E-05	0	0
1.9	1.7	2.1	0.00219431	3.16952E-05	-3.16952E-05	0	0
2.1	1.9	2.3	0.00125651	0.000022353	-0.000022353	0	0
2.3	2.1	2.5	0.000684015	0.00001542	-0.00001542	0	0
2.5	2.3	2.7	0.00048352	1.35547E-05	-1.35547E-05	0	0
2.7	2.5	2.9	0.000255627	8.84072E-06	-8.84072E-06	0	0
2.9	2.7	3.1	0.000159184	6.84342E-06	-6.84342E-06	0	0
							
centrality	20	40	7.7	0			
pt	ptlow	pthigh	inv.yield	stat +	stat -	sys +	sys -
0.55	0.45	0.65	0.0386618	0.000643024	-0.000643024	0	0
0.65	0.55	0.75	0.0375453	0.000550295	-0.000550295	0	0
0.75	0.65	0.85	0.0331646	0.000474215	-0.000474215	0	0
0.85	0.75	0.95	0.0254991	0.000379067	-0.000379067	0	0
0.95	0.85	1.05	0.019514	0.000309357	-0.000309357	0	0
1.05	0.95	1.15	0.0156494	0.000262543	-0.000262543	0	0
1.15	1.05	1.25	0.0117713	0.000222418	-0.000222418	0	0
1.25	1.15	1.35	0.00812618	0.000171429	-0.000171429	0	0
1.35	1.25	1.45	0.00628365	0.000143968	-0.000143968	0	0
1.5	1.3	1.7	0.00381376	0.000107003	-0.000107003	0	0
1.7	1.5	1.9	0.00215119	7.49596E-05	-7.49596E-05	0	0
1.9	1.7	2.1	0.00116454	5.28019E-05	-5.28019E-05	0	0
2.1	1.9	2.3	0.00064512	3.64968E-05	-3.64968E-05	0	0
2.3	2.1	2.5	0.000359379	2.54595E-05	-2.54595E-05	0	0
2.5	2.3	2.7	0.000256402	2.25459E-05	-2.25459E-05	0	0
2.7	2.5	2.9	0.000126734	1.42308E-05	-1.42308E-05	0	0
2.9	2.7	3.1	8.26302E-05	1.12698E-05	-1.12698E-05	0	0
							
centrality	40	60	5.7	0			
pt	ptlow	pthigh	inv.yield	stat +	stat -	sys +	sys -
0.55	0.45	0.65	0.0303588	0.000594017	-0.000594017	0	0
0.65	0.55	0.75	0.0283913	0.000498861	-0.000498861	0	0
0.75	0.65	0.85	0.0237875	0.00041868	-0.00041868	0	0
0.85	0.75	0.95	0.0186541	0.000337995	-0.000337995	0	0
0.95	0.85	1.05	0.0137083	0.0002703	-0.0002703	0	0
1.05	0.95	1.15	0.0107319	0.000226652	-0.000226652	0	0
1.15	1.05	1.25	0.00789215	0.000189856	-0.000189856	0	0
1.25	1.15	1.35	0.00561635	0.000148572	-0.000148572	0	0
1.35	1.25	1.45	0.00397905	0.000119431	-0.000119431	0	0
1.5	1.3	1.7	0.0024975	0.000090356	-0.000090356	0	0
1.7	1.5	1.9	0.00130499	0.000060845	-0.000060845	0	0
1.9	1.7	2.1	0.000736389	4.36944E-05	-4.36944E-05	0	0
2.1	1.9	2.3	0.000372004	2.89175E-05	-2.89175E-05	0	0
2.3	2.1	2.5	0.000191019	1.94374E-05	-1.94374E-05	0	0
2.5	2.3	2.7	0.00014836	1.78678E-05	-1.78678E-05	0	0
2.7	2.5	2.9	7.76877E-05	1.16109E-05	-1.16109E-05	0	0
2.9	2.7	3.1	4.96562E-05	9.12398E-06	-9.12398E-06	0	0
							
centrality	60	84	3.5	0			
pt	ptlow	pthigh	inv.yield	stat +	stat -	sys +	sys -
0.55	0.45	0.65	0.018937	0.000441111	-0.000441111	0	0
0.65	0.55	0.75	0.0170169	0.000363131	-0.000363131	0	0
0.75	0.65	0.85	0.0141628	0.000303751	-0.000303751	0	0
0.85	0.75	0.95	0.0104382	0.000237723	-0.000237723	0	0
0.95	0.85	1.05	0.00773673	0.000190929	-0.000190929	0	0
1.05	0.95	1.15	0.00573395	0.00015577	-0.00015577	0	0
1.15	1.05	1.25	0.00423142	0.000130709	-0.000130709	0	0
1.25	1.15	1.35	0.00292555	0.000100821	-0.000100821	0	0
1.35	1.25	1.45	0.00197115	7.90359E-05	-7.90359E-05	0	0
1.5	1.3	1.7	0.00128486	6.08247E-05	-6.08247E-05	0	0
1.7	1.5	1.9	0.000618399	0.000039338	-0.000039338	0	0
1.9	1.7	2.1	0.000338891	2.78903E-05	-2.78903E-05	0	0
2.1	1.9	2.3	0.000213617	2.05866E-05	-2.05866E-05	0	0
2.3	2.1	2.5	9.60978E-05	1.29615E-05	-1.29615E-05	0	0
2.5	2.3	2.7	7.21108E-05	0.000011693	-0.000011693	0	0
2.7	2.5	2.9	3.22517E-05	7.0379E-06	-7.0379E-06	0	0
2.9	2.7	3.1	2.72868E-05	6.35611E-06	-6.35611E-06	0	0
