centrality	0	5					
pt	ptlow	pthigh	inv.yield	stat +	stat -	sys +	sys -
4.25	4	4.5	0.000117	1.61E-06	-1.61E-06	1.34E-05	-1.34E-05
4.75	4.5	5	5.84E-05	9.81E-07	-9.81E-07	6.49E-06	-6.49E-06
5.25	5	5.5	2.89E-05	6.23E-07	-6.23E-07	3.04E-06	-3.04E-06
5.75	5.5	6	1.61E-05	4.17E-07	-4.17E-07	1.58E-06	-1.58E-06
6.25	6	6.5	1.01E-05	2.95E-07	-2.95E-07	9.37E-07	-9.37E-07
6.75	6.5	7	6.17E-06	2.10E-07	-2.10E-07	5.45E-07	-5.45E-07
7.25	7	7.5	3.81E-06	1.49E-07	-1.49E-07	3.30E-07	-3.30E-07
7.75	7.5	8	2.57E-06	1.14E-07	-1.14E-07	2.19E-07	-2.19E-07
8.25	8	8.5	1.69E-06	8.43E-08	-8.43E-08	1.41E-07	-1.41E-07
8.75	8.5	9	1.22E-06	6.77E-08	-6.77E-08	1.00E-07	-1.00E-07
9.25	9	9.5	7.48E-07	4.80E-08	-4.80E-08	6.21E-08	-6.21E-08
9.75	9.5	10	5.58E-07	3.96E-08	-3.96E-08	4.63E-08	-4.63E-08
11	10	12	2.50E-07	1.49E-08	-1.49E-08	2.03E-08	-2.03E-08
13	12	14	7.61E-08	7.67E-09	-7.67E-09	6.14E-09	-6.14E-09
15	14	16	2.26E-08	3.25E-09	-3.25E-09	1.96E-09	-1.96E-09
17	16	18	1.32E-08	2.97E-09	-2.97E-09	1.18E-09	-1.18E-09
19	18	20	1.41E-09	1.01E-09	-1.01E-09	2.29E-10	-2.29E-10
21	20	22	0	0	0	0	0
							
centrality	5	10					
pt	ptlow	pthigh	inv.yield	stat +	stat -	sys +	sys -
4.25	4	4.5	7.67E-05	1.49E-06	-1.49E-06	9.79E-06	-9.79E-06
4.75	4.5	5	3.89E-05	8.82E-07	-8.82E-07	4.66E-06	-4.66E-06
5.25	5	5.5	2.09E-05	5.55E-07	-5.55E-07	2.36E-06	-2.36E-06
5.75	5.5	6	1.17E-05	3.61E-07	-3.61E-07	1.24E-06	-1.24E-06
6.25	6	6.5	7.10E-06	2.47E-07	-2.47E-07	7.10E-07	-7.10E-07
6.75	6.5	7	4.52E-06	1.76E-07	-1.76E-07	4.30E-07	-4.30E-07
7.25	7	7.5	2.87E-06	1.27E-07	-1.27E-07	2.68E-07	-2.68E-07
7.75	7.5	8	1.83E-06	9.16E-08	-9.16E-08	1.67E-07	-1.67E-07
8.25	8	8.5	1.27E-06	6.98E-08	-6.98E-08	1.13E-07	-1.13E-07
8.75	8.5	9	7.76E-07	5.00E-08	-5.00E-08	6.98E-08	-6.98E-08
9.25	9	9.5	6.64E-07	4.40E-08	-4.40E-08	5.86E-08	-5.86E-08
9.75	9.5	10	4.33E-07	3.44E-08	-3.44E-08	3.85E-08	-3.85E-08
11	10	12	1.73E-07	1.19E-08	-1.19E-08	1.49E-08	-1.49E-08
13	12	14	7.13E-08	6.60E-09	-6.60E-09	6.13E-09	-6.13E-09
15	14	16	2.04E-08	2.84E-09	-2.84E-09	1.98E-09	-1.98E-09
17	16	18	7.57E-09	2.19E-09	-2.19E-09	7.07E-10	-7.07E-10
19	18	20	0	0	0	0	0
21	20	22	0	0	0	0	0
							
centrality	10	15					
pt	ptlow	pthigh	inv.yield	stat +	stat -	sys +	sys -
4.25	4	4.5	6.29E-05	1.39E-06	-1.39E-06	9.50E-06	-9.50E-06
4.75	4.5	5	3.34E-05	8.19E-07	-8.19E-07	4.46E-06	-4.46E-06
5.25	5	5.5	1.62E-05	5.16E-07	-5.16E-07	2.22E-06	-2.22E-06
5.75	5.5	6	9.54E-06	3.36E-07	-3.36E-07	1.16E-06	-1.16E-06
6.25	6	6.5	5.48E-06	2.26E-07	-2.26E-07	6.43E-07	-6.43E-07
6.75	6.5	7	3.74E-06	1.63E-07	-1.63E-07	3.91E-07	-3.91E-07
7.25	7	7.5	2.46E-06	1.20E-07	-1.20E-07	2.46E-07	-2.46E-07
7.75	7.5	8	1.53E-06	8.55E-08	-8.55E-08	1.51E-07	-1.51E-07
8.25	8	8.5	1.04E-06	6.41E-08	-6.41E-08	9.86E-08	-9.86E-08
8.75	8.5	9	7.14E-07	4.76E-08	-4.76E-08	6.23E-08	-6.23E-08
9.25	9	9.5	5.19E-07	3.98E-08	-3.98E-08	5.04E-08	-5.04E-08
9.75	9.5	10	4.02E-07	3.31E-08	-3.31E-08	3.75E-08	-3.75E-08
11	10	12	1.37E-07	1.10E-08	-1.10E-08	1.27E-08	-1.27E-08
13	12	14	4.42E-08	5.46E-09	-5.46E-09	4.33E-09	-4.33E-09
15	14	16	1.76E-08	2.96E-09	-2.96E-09	1.53E-09	-1.53E-09
17	16	18	7.45E-09	2.00E-09	-2.00E-09	6.91E-10	-6.91E-10
19	18	20	0	0	0	0	0
21	20	22	0	0	0	0	0
							
centrality	15	20					
pt	ptlow	pthigh	inv.yield	stat +	stat -	sys +	sys -
4.25	4	4.5	4.45E-05	1.22E-06	-1.22E-06	6.97E-06	-6.97E-06
4.75	4.5	5	2.32E-05	7.26E-07	-7.26E-07	3.45E-06	-3.45E-06
5.25	5	5.5	1.29E-05	4.53E-07	-4.53E-07	1.80E-06	-1.80E-06
5.75	5.5	6	7.37E-06	2.93E-07	-2.93E-07	9.60E-07	-9.60E-07
6.25	6	6.5	3.99E-06	1.81E-07	-1.81E-07	4.85E-07	-4.85E-07
6.75	6.5	7	2.90E-06	1.39E-07	-1.39E-07	3.27E-07	-3.27E-07
7.25	7	7.5	1.70E-06	9.15E-08	-9.15E-08	1.84E-07	-1.84E-07
7.75	7.5	8	1.19E-06	7.08E-08	-7.08E-08	1.25E-07	-1.25E-07
8.25	8	8.5	7.86E-07	5.30E-08	-5.30E-08	8.16E-08	-8.16E-08
8.75	8.5	9	6.48E-07	4.51E-08	-4.51E-08	6.37E-08	-6.37E-08
9.25	9	9.5	4.14E-07	3.20E-08	-3.20E-08	4.19E-08	-4.19E-08
9.75	9.5	10	2.53E-07	2.47E-08	-2.47E-08	2.70E-08	-2.70E-08
11	10	12	1.16E-07	9.54E-09	-9.54E-09	1.09E-08	-1.09E-08
13	12	14	4.84E-08	5.50E-09	-5.50E-09	4.52E-09	-4.52E-09
15	14	16	1.61E-08	2.84E-09	-2.84E-09	1.64E-09	-1.64E-09
17	16	18	5.18E-09	1.81E-09	-1.81E-09	5.14E-10	-5.14E-10
19	18	20	0	0	0	0	0
21	20	22	0	0	0	0	0
							
centrality	20	30					
pt	ptlow	pthigh	inv.yield	stat +	stat -	sys +	sys -
4.25	4	4.5	3.46E-05	8.54E-07	-8.54E-07	6.08E-06	-6.08E-06
4.75	4.5	5	1.70E-05	4.98E-07	-4.98E-07	2.83E-06	-2.83E-06
5.25	5	5.5	9.00E-06	3.06E-07	-3.06E-07	1.42E-06	-1.42E-06
5.75	5.5	6	5.07E-06	1.97E-07	-1.97E-07	7.60E-07	-7.60E-07
6.25	6	6.5	3.33E-06	1.35E-07	-1.35E-07	4.49E-07	-4.49E-07
6.75	6.5	7	2.02E-06	9.17E-08	-9.17E-08	2.53E-07	-2.53E-07
7.25	7	7.5	1.43E-06	6.77E-08	-6.77E-08	1.63E-07	-1.63E-07
7.75	7.5	8	7.94E-07	4.55E-08	-4.55E-08	9.31E-08	-9.31E-08
8.25	8	8.5	5.49E-07	3.62E-08	-3.62E-08	6.39E-08	-6.39E-08
8.75	8.5	9	3.44E-07	2.40E-08	-2.40E-08	3.83E-08	-3.83E-08
9.25	9	9.5	2.63E-07	2.14E-08	-2.14E-08	2.93E-08	-2.93E-08
9.75	9.5	10	1.89E-07	1.58E-08	-1.58E-08	2.04E-08	-2.04E-08
11	10	12	9.21E-08	6.35E-09	-6.35E-09	9.06E-09	-9.06E-09
13	12	14	2.41E-08	2.72E-09	-2.72E-09	2.46E-09	-2.46E-09
15	14	16	9.59E-09	1.62E-09	-1.62E-09	9.85E-10	-9.85E-10
17	16	18	4.07E-09	1.11E-09	-1.11E-09	4.19E-10	-4.19E-10
19	18	20	0	0	0	0	0
21	20	22	0	0	0	0	0
							
centrality	30	40					
pt	ptlow	pthigh	inv.yield	stat +	stat -	sys +	sys -
4.25	4	4.5	2.12E-05	6.83E-07	-6.83E-07	4.16E-06	-4.16E-06
4.75	4.5	5	1.03E-05	3.93E-07	-3.93E-07	1.94E-06	-1.94E-06
5.25	5	5.5	5.38E-06	2.32E-07	-2.32E-07	9.34E-07	-9.34E-07
5.75	5.5	6	3.48E-06	1.55E-07	-1.55E-07	5.48E-07	-5.48E-07
6.25	6	6.5	1.96E-06	9.82E-08	-9.82E-08	2.87E-07	-2.87E-07
6.75	6.5	7	1.19E-06	6.61E-08	-6.61E-08	1.65E-07	-1.65E-07
7.25	7	7.5	7.38E-07	4.55E-08	-4.55E-08	9.82E-08	-9.82E-08
7.75	7.5	8	5.22E-07	3.67E-08	-3.67E-08	6.89E-08	-6.89E-08
8.25	8	8.5	3.05E-07	2.52E-08	-2.52E-08	4.11E-08	-4.11E-08
8.75	8.5	9	2.06E-07	1.87E-08	-1.87E-08	2.72E-08	-2.72E-08
9.25	9	9.5	1.87E-07	1.59E-08	-1.59E-08	2.17E-08	-2.17E-08
9.75	9.5	10	1.38E-07	1.32E-08	-1.32E-08	1.60E-08	-1.60E-08
11	10	12	5.85E-08	5.07E-09	-5.07E-09	6.23E-09	-6.23E-09
13	12	14	1.71E-08	2.49E-09	-2.49E-09	1.75E-09	-1.75E-09
15	14	16	2.71E-09	9.26E-10	-9.26E-10	4.85E-10	-4.85E-10
17	16	18	3.36E-09	9.64E-10	-9.64E-10	3.66E-10	-3.66E-10
19	18	20	0	0	0	0	0
21	20	22	0	0	0	0	0
							
centrality	40	50					
pt	ptlow	pthigh	inv.yield	stat +	stat -	sys +	sys -
4.25	4	4.5	1.22E-05	5.13E-07	-5.13E-07	2.58E-06	-2.58E-06
4.75	4.5	5	5.15E-06	2.62E-07	-2.62E-07	1.03E-06	-1.03E-06
5.25	5	5.5	2.92E-06	1.62E-07	-1.62E-07	5.63E-07	-5.63E-07
5.75	5.5	6	1.85E-06	1.09E-07	-1.09E-07	3.32E-07	-3.32E-07
6.25	6	6.5	9.87E-07	6.19E-08	-6.19E-08	1.61E-07	-1.61E-07
6.75	6.5	7	6.62E-07	4.82E-08	-4.82E-08	1.10E-07	-1.10E-07
7.25	7	7.5	3.71E-07	3.08E-08	-3.08E-08	6.04E-08	-6.04E-08
7.75	7.5	8	3.04E-07	2.48E-08	-2.48E-08	4.35E-08	-4.35E-08
8.25	8	8.5	2.02E-07	1.76E-08	-1.76E-08	2.74E-08	-2.74E-08
8.75	8.5	9	1.35E-07	1.31E-08	-1.31E-08	1.80E-08	-1.80E-08
9.25	9	9.5	1.02E-07	1.08E-08	-1.08E-08	1.35E-08	-1.35E-08
9.75	9.5	10	7.34E-08	8.96E-09	-8.96E-09	9.89E-09	-9.89E-09
11	10	12	2.93E-08	3.11E-09	-3.11E-09	3.44E-09	-3.44E-09
13	12	14	1.41E-08	2.19E-09	-2.19E-09	1.49E-09	-1.49E-09
15	14	16	4.83E-09	1.04E-09	-1.04E-09	5.96E-10	-5.96E-10
17	16	18	0	0	0	0	0
19	18	20	0	0	0	0	0
21	20	22	0	0	0	0	0
							
centrality	50	60					
pt	ptlow	pthigh	inv.yield	stat +	stat -	sys +	sys -
4.25	4	4.5	3.90E-06	2.39E-07	-2.39E-07	8.98E-07	-8.98E-07
4.75	4.5	5	1.76E-06	1.25E-07	-1.25E-07	4.04E-07	-4.04E-07
5.25	5	5.5	1.05E-06	8.00E-08	-8.00E-08	2.33E-07	-2.33E-07
5.75	5.5	6	6.51E-07	5.10E-08	-5.10E-08	1.34E-07	-1.34E-07
6.25	6	6.5	4.93E-07	4.12E-08	-4.12E-08	9.80E-08	-9.80E-08
6.75	6.5	7	3.15E-07	2.71E-08	-2.71E-08	5.68E-08	-5.68E-08
7.25	7	7.5	1.73E-07	1.77E-08	-1.77E-08	3.15E-08	-3.15E-08
7.75	7.5	8	1.36E-07	1.56E-08	-1.56E-08	2.45E-08	-2.45E-08
8.25	8	8.5	9.52E-08	1.25E-08	-1.25E-08	1.72E-08	-1.72E-08
8.75	8.5	9	5.75E-08	9.67E-09	-9.67E-09	1.15E-08	-1.15E-08
9.25	9	9.5	3.02E-08	7.05E-09	-7.05E-09	6.97E-09	-6.97E-09
9.75	9.5	10	3.04E-08	5.35E-09	-5.35E-09	4.72E-09	-4.72E-09
11	10	12	1.50E-08	2.69E-09	-2.69E-09	1.95E-09	-1.95E-09
13	12	14	4.50E-09	1.19E-09	-1.19E-09	6.14E-10	-6.14E-10
15	14	16	1.52E-09	6.74E-10	-6.74E-10	2.15E-10	-2.15E-10
17	16	18	0	0	0	0	0
19	18	20	0	0	0	0	0
21	20	22	0	0	0	0	0
							
centrality	60	92					
pt	ptlow	pthigh	inv.yield	stat +	stat -	sys +	sys -
4.25	4	4.5	4.47E-07	3.49E-08	-3.49E-08	1.14E-07	-1.14E-07
4.75	4.5	5	4.23E-07	3.49E-08	-3.49E-08	1.06E-07	-1.06E-07
5.25	5	5.5	2.72E-07	2.29E-08	-2.29E-08	6.33E-08	-6.33E-08
5.75	5.5	6	1.79E-07	1.58E-08	-1.58E-08	3.91E-08	-3.91E-08
6.25	6	6.5	1.07E-07	1.12E-08	-1.12E-08	2.35E-08	-2.35E-08
6.75	6.5	7	8.92E-08	9.30E-09	-9.30E-09	1.69E-08	-1.69E-08
7.25	7	7.5	4.39E-08	6.10E-09	-6.10E-09	9.33E-09	-9.33E-09
7.75	7.5	8	3.03E-08	4.29E-09	-4.29E-09	5.87E-09	-5.87E-09
8.25	8	8.5	1.76E-08	3.55E-09	-3.55E-09	3.93E-09	-3.93E-09
8.75	8.5	9	1.19E-08	2.83E-09	-2.83E-09	3.04E-09	-3.04E-09
9.25	9	9.5	7.92E-09	2.12E-09	-2.12E-09	1.61E-09	-1.61E-09
9.75	9.5	10	7.46E-09	1.84E-09	-1.84E-09	1.38E-09	-1.38E-09
11	10	12	3.65E-09	7.57E-10	-7.57E-10	4.76E-10	-4.76E-10
13	12	14	4.17E-10	3.72E-10	-3.72E-10	1.21E-10	-1.21E-10
15	14	16	0	0	0	0	0
17	16	18	0	0	0	0	0
19	18	20	0	0	0	0	0
21	20	22	0	0	0	0	0
							
centrality	0	92					
pt	ptlow	pthigh	inv.yield	stat +	stat -	sys +	sys -
4.25	4	4.5	2.38E-05	2.20E-07	-2.20E-07	2.96E-06	-2.96E-06
4.75	4.5	5	1.21E-05	1.32E-07	-1.32E-07	1.41E-06	-1.41E-06
5.25	5	5.5	6.25E-06	8.42E-08	-8.42E-08	6.98E-07	-6.98E-07
5.75	5.5	6	3.67E-06	5.70E-08	-5.70E-08	3.89E-07	-3.89E-07
6.25	6	6.5	2.23E-06	3.99E-08	-3.99E-08	2.26E-07	-2.26E-07
6.75	6.5	7	1.42E-06	2.91E-08	-2.91E-08	1.37E-07	-1.37E-07
7.25	7	7.5	8.97E-07	2.12E-08	-2.12E-08	8.44E-08	-8.44E-08
7.75	7.5	8	5.93E-07	1.59E-08	-1.59E-08	5.48E-08	-5.48E-08
8.25	8	8.5	3.98E-07	1.20E-08	-1.20E-08	3.58E-08	-3.58E-08
8.75	8.5	9	2.73E-07	9.33E-09	-9.33E-09	2.39E-08	-2.39E-08
9.25	9	9.5	1.99E-07	7.51E-09	-7.51E-09	1.69E-08	-1.69E-08
9.75	9.5	10	1.41E-07	5.94E-09	-5.94E-09	1.18E-08	-1.18E-08
11	10	12	5.92E-08	1.93E-09	-1.93E-09	5.11E-09	-5.11E-09
13	12	14	1.98E-08	9.76E-10	-9.76E-10	1.65E-09	-1.65E-09
15	14	16	6.73E-09	4.87E-10	-4.87E-10	5.58E-10	-5.58E-10
17	16	18	2.87E-09	3.12E-10	-3.12E-10	2.58E-10	-2.58E-10
19	18	20	1.10E-09	1.77E-10	-1.77E-10	1.34E-10	-1.34E-10
21	20	22	4.00E-10	1.45E-10	-1.45E-10	1.34E-10	-1.34E-10
