centrality	0	10  623.9   32.2
pt	ptlow	pthigh	inv.yield	stat +	stat -	sys +	sys -
5.25	5	5.5	8.97E-05	5.63E-07	-5.63E-07	7.88E-06	-7.88E-06
5.75	5.5	6	4.31E-05	3.40E-07	-3.40E-07	3.79E-06	-3.79E-06
6.25	6	6.5	2.19E-05	2.16E-07	-2.16E-07	1.93E-06	-1.93E-06
6.75	6.5	7	1.19E-05	1.44E-07	-1.44E-07	1.05E-06	-1.05E-06
7.25	7	7.5	6.74E-06	1.00E-07	-1.00E-07	5.92E-07	-5.92E-07
7.75	7.5	8	4.06E-06	7.25E-08	-7.25E-08	3.57E-07	-3.57E-07
8.25	8	8.5	2.46E-06	5.29E-08	-5.29E-08	1.84E-07	-1.84E-07
8.75	8.5	9	1.55E-06	3.98E-08	-3.98E-08	1.16E-07	-1.16E-07
9.25	9	9.5	1.08E-06	3.12E-08	-3.12E-08	8.21E-08	-8.21E-08
9.75	9.5	10	6.80E-07	2.36E-08	-2.36E-08	5.49E-08	-5.49E-08
11	10	12	2.77E-07	6.66E-09	-6.66E-09	3.03E-08	-3.03E-08
13	12	14	7.65E-08	3.29E-09	-3.29E-09	1.35E-08	-1.35E-08
15	14	16	2.60E-08	2.04E-09	-2.04E-09	6.54E-09	-6.54E-09
17	16	18	1.03E-08	1.43E-09	-1.43E-09	3.39E-09	-3.39E-09
19	18	20	3.19E-09	1.01E-09	-1.01E-09	1.30E-09	-1.30E-09
							
centrality	10	20  414.2   20.2
pt	ptlow	pthigh	inv.yield	stat +	stat -	sys +	sys -
5.25	5	5.5	8.05E-05	4.61E-07	-4.61E-07	7.08E-06	-7.08E-06
5.75	5.5	6	3.81E-05	2.82E-07	-2.82E-07	3.34E-06	-3.34E-06
6.25	6	6.5	1.88E-05	1.81E-07	-1.81E-07	1.65E-06	-1.65E-06
6.75	6.5	7	1.03E-05	1.23E-07	-1.23E-07	9.06E-07	-9.06E-07
7.25	7	7.5	5.92E-06	8.68E-08	-8.68E-08	5.21E-07	-5.21E-07
7.75	7.5	8	3.47E-06	6.25E-08	-6.25E-08	3.05E-07	-3.05E-07
8.25	8	8.5	2.16E-06	4.67E-08	-4.67E-08	1.62E-07	-1.62E-07
8.75	8.5	9	1.34E-06	3.46E-08	-3.46E-08	1.01E-07	-1.01E-07
9.25	9	9.5	8.84E-07	2.70E-08	-2.70E-08	6.69E-08	-6.69E-08
9.75	9.5	10	5.84E-07	2.11E-08	-2.11E-08	4.72E-08	-4.72E-08
11	10	12	2.30E-07	5.88E-09	-5.88E-09	2.52E-08	-2.52E-08
13	12	14	6.14E-08	2.90E-09	-2.90E-09	1.09E-08	-1.09E-08
15	14	16	1.97E-08	1.73E-09	-1.73E-09	4.96E-09	-4.96E-09
17	16	18	6.95E-09	1.25E-09	-1.25E-09	2.29E-09	-2.29E-09
19	18	20	2.49E-09	8.80E-10	-8.80E-10	1.01E-09	-1.01E-09
							
centrality	20	30  274 14.8
pt	ptlow	pthigh	inv.yield	stat +	stat -	sys +	sys -
5.25	5	5.5	6.69E-05	3.82E-07	-3.82E-07	5.88E-06	-5.88E-06
5.75	5.5	6	3.08E-05	2.35E-07	-2.35E-07	2.71E-06	-2.71E-06
6.25	6	6.5	1.56E-05	1.53E-07	-1.53E-07	1.37E-06	-1.37E-06
6.75	6.5	7	8.23E-06	1.04E-07	-1.04E-07	7.23E-07	-7.23E-07
7.25	7	7.5	4.65E-06	7.29E-08	-7.29E-08	4.09E-07	-4.09E-07
7.75	7.5	8	2.80E-06	5.37E-08	-5.37E-08	2.46E-07	-2.46E-07
8.25	8	8.5	1.71E-06	3.98E-08	-3.98E-08	1.28E-07	-1.28E-07
8.75	8.5	9	1.01E-06	2.96E-08	-2.96E-08	7.59E-08	-7.59E-08
9.25	9	9.5	6.52E-07	2.28E-08	-2.28E-08	4.93E-08	-4.93E-08
9.75	9.5	10	4.76E-07	1.84E-08	-1.84E-08	3.85E-08	-3.85E-08
11	10	12	1.83E-07	5.20E-09	-5.20E-09	2.00E-08	-2.00E-08
13	12	14	5.12E-08	2.62E-09	-2.62E-09	9.04E-09	-9.04E-09
15	14	16	1.65E-08	1.56E-09	-1.56E-09	4.14E-09	-4.14E-09
17	16	18	4.00E-09	8.73E-10	-8.73E-10	1.31E-09	-1.31E-09
19	18	20	2.17E-09	8.19E-10	-8.19E-10	8.82E-10	-8.82E-10
							
centrality	30	40  176.8   11.6
pt	ptlow	pthigh	inv.yield	stat +	stat -	sys +	sys -
5.25	5	5.5	4.96E-05	3.02E-07	-3.02E-07	4.36E-06	-4.36E-06
5.75	5.5	6	2.29E-05	1.89E-07	-1.89E-07	2.02E-06	-2.02E-06
6.25	6	6.5	1.19E-05	1.26E-07	-1.26E-07	1.05E-06	-1.05E-06
6.75	6.5	7	6.27E-06	8.66E-08	-8.66E-08	5.51E-07	-5.51E-07
7.25	7	7.5	3.45E-06	6.08E-08	-6.08E-08	3.03E-07	-3.03E-07
7.75	7.5	8	2.12E-06	4.50E-08	-4.50E-08	1.86E-07	-1.86E-07
8.25	8	8.5	1.27E-06	3.34E-08	-3.34E-08	9.50E-08	-9.50E-08
8.75	8.5	9	7.92E-07	2.54E-08	-2.54E-08	5.94E-08	-5.94E-08
9.25	9	9.5	4.73E-07	1.91E-08	-1.91E-08	3.58E-08	-3.58E-08
9.75	9.5	10	3.02E-07	1.46E-08	-1.46E-08	2.44E-08	-2.44E-08
11	10	12	1.30E-07	4.34E-09	-4.34E-09	1.42E-08	-1.42E-08
13	12	14	3.54E-08	2.15E-09	-2.15E-09	6.25E-09	-6.25E-09
15	14	16	1.12E-08	1.46E-09	-1.46E-09	2.81E-09	-2.81E-09
17	16	18	3.20E-09	7.75E-10	-7.75E-10	1.05E-09	-1.05E-09
19	18	20	1.53E-09	6.85E-10	-6.85E-10	6.23E-10	-6.23E-10
							
centrality	40	50  109.4   9.1
pt	ptlow	pthigh	inv.yield	stat +	stat -	sys +	sys -
5.25	5	5.5	3.40E-05	2.35E-07	-2.35E-07	2.98E-06	-2.98E-06
5.75	5.5	6	1.61E-05	1.50E-07	-1.50E-07	1.42E-06	-1.42E-06
6.25	6	6.5	8.37E-06	1.02E-07	-1.02E-07	7.36E-07	-7.36E-07
6.75	6.5	7	4.44E-06	7.03E-08	-7.03E-08	3.91E-07	-3.91E-07
7.25	7	7.5	2.40E-06	4.98E-08	-4.98E-08	2.11E-07	-2.11E-07
7.75	7.5	8	1.49E-06	3.68E-08	-3.68E-08	1.31E-07	-1.31E-07
8.25	8	8.5	8.66E-07	2.71E-08	-2.71E-08	6.50E-08	-6.50E-08
8.75	8.5	9	5.58E-07	2.07E-08	-2.07E-08	4.18E-08	-4.18E-08
9.25	9	9.5	3.43E-07	1.56E-08	-1.56E-08	2.60E-08	-2.60E-08
9.75	9.5	10	2.38E-07	1.26E-08	-1.26E-08	1.92E-08	-1.92E-08
11	10	12	8.34E-08	3.49E-09	-3.49E-09	9.15E-09	-9.15E-09
13	12	14	2.35E-08	1.82E-09	-1.82E-09	4.16E-09	-4.16E-09
15	14	16	4.54E-09	2.56E-09	-2.56E-09	1.14E-09	-1.14E-09
17	16	18	2.23E-09	6.45E-10	-6.45E-10	7.34E-10	-7.34E-10
19	18	20	1.52E-09	6.79E-10	-6.79E-10	6.17E-10	-6.17E-10
							
centrality	50	60  61.6    7.1
pt	ptlow	pthigh	inv.yield	stat +	stat -	sys +	sys -
5.25	5	5.5	2.15E-05	1.80E-07	-1.80E-07	1.89E-06	-1.89E-06
5.75	5.5	6	1.01E-05	1.15E-07	-1.15E-07	8.85E-07	-8.85E-07
6.25	6	6.5	5.25E-06	7.89E-08	-7.89E-08	4.62E-07	-4.62E-07
6.75	6.5	7	2.79E-06	5.42E-08	-5.42E-08	2.45E-07	-2.45E-07
7.25	7	7.5	1.54E-06	3.90E-08	-3.90E-08	1.35E-07	-1.35E-07
7.75	7.5	8	9.02E-07	2.85E-08	-2.85E-08	7.93E-08	-7.93E-08
8.25	8	8.5	5.63E-07	2.22E-08	-2.22E-08	4.22E-08	-4.22E-08
8.75	8.5	9	3.35E-07	1.64E-08	-1.64E-08	2.51E-08	-2.51E-08
9.25	9	9.5	2.04E-07	1.27E-08	-1.27E-08	1.54E-08	-1.54E-08
9.75	9.5	10	1.46E-07	9.99E-09	-9.99E-09	1.18E-08	-1.18E-08
11	10	12	5.27E-08	2.81E-09	-2.81E-09	5.78E-09	-5.78E-09
13	12	14	1.56E-08	1.66E-09	-1.66E-09	2.76E-09	-2.76E-09
15	14	16	4.39E-09	7.76E-10	-7.76E-10	1.10E-09	-1.10E-09
17	16	18	9.29E-10	4.15E-10	-4.15E-10	3.05E-10	-3.05E-10
19	18	20	3.03E-10	3.03E-10	-3.03E-10	1.23E-10	-1.23E-10
							
centrality	60	70  32  5
pt	ptlow	pthigh	inv.yield	stat +	stat -	sys +	sys -
5.25	5	5.5	1.15E-05	1.29E-07	-1.29E-07	1.01E-06	-1.01E-06
5.75	5.5	6	5.65E-06	8.42E-08	-8.42E-08	4.97E-07	-4.97E-07
6.25	6	6.5	2.76E-06	5.66E-08	-5.66E-08	2.42E-07	-2.42E-07
6.75	6.5	7	1.59E-06	4.05E-08	-4.05E-08	1.40E-07	-1.40E-07
7.25	7	7.5	8.20E-07	2.79E-08	-2.79E-08	7.20E-08	-7.20E-08
7.75	7.5	8	4.85E-07	2.08E-08	-2.08E-08	4.26E-08	-4.26E-08
8.25	8	8.5	2.96E-07	1.55E-08	-1.55E-08	2.22E-08	-2.22E-08
8.75	8.5	9	1.86E-07	1.22E-08	-1.22E-08	1.40E-08	-1.40E-08
9.25	9	9.5	1.01E-07	9.14E-09	-9.14E-09	7.65E-09	-7.65E-09
9.75	9.5	10	8.90E-08	8.12E-09	-8.12E-09	7.19E-09	-7.19E-09
11	10	12	2.72E-08	1.99E-09	-1.99E-09	2.98E-09	-2.98E-09
13	12	14	9.21E-09	1.06E-09	-1.06E-09	1.63E-09	-1.63E-09
15	14	16	3.13E-09	6.53E-10	-6.53E-10	7.87E-10	-7.87E-10
17	16	18	2.03E-09	6.12E-10	-6.12E-10	6.67E-10	-6.67E-10
19	18	20	3.02E-10	3.02E-10	-3.02E-10	1.23E-10	-1.23E-10
							
centrality	70	80  16  4
pt	ptlow	pthigh	inv.yield	stat +	stat -	sys +	sys -
5.25	5	5.5	5.49E-06	8.72E-08	-8.72E-08	4.82E-07	-4.82E-07
5.75	5.5	6	2.65E-06	5.72E-08	-5.72E-08	2.33E-07	-2.33E-07
6.25	6	6.5	1.33E-06	3.85E-08	-3.85E-08	1.17E-07	-1.17E-07
6.75	6.5	7	6.96E-07	2.64E-08	-2.64E-08	6.12E-08	-6.12E-08
7.25	7	7.5	4.29E-07	2.03E-08	-2.03E-08	3.77E-08	-3.77E-08
7.75	7.5	8	2.40E-07	1.55E-08	-1.55E-08	2.11E-08	-2.11E-08
8.25	8	8.5	1.42E-07	1.08E-08	-1.08E-08	1.07E-08	-1.07E-08
8.75	8.5	9	9.80E-08	8.25E-09	-8.25E-09	7.35E-09	-7.35E-09
9.25	9	9.5	5.63E-08	6.58E-09	-6.58E-09	4.26E-09	-4.26E-09
9.75	9.5	10	4.04E-08	4.98E-09	-4.98E-09	3.27E-09	-3.27E-09
11	10	12	1.21E-08	1.24E-09	-1.24E-09	1.33E-09	-1.33E-09
13	12	14	4.45E-09	7.31E-10	-7.31E-10	7.86E-10	-7.86E-10
15	14	16	6.76E-10	3.02E-10	-3.02E-10	1.70E-10	-1.70E-10
17	16	18	3.66E-10	2.59E-10	-2.59E-10	1.20E-10	-1.20E-10
19	18	20	0	0	0	0	0
							
centrality	80	93  7   2
pt	ptlow	pthigh	inv.yield	stat +	stat -	sys +	sys -
5.25	5	5.5	1.75E-06	4.29E-08	-4.29E-08	1.54E-07	-1.54E-07
5.75	5.5	6	8.51E-07	2.82E-08	-2.82E-08	7.48E-08	-7.48E-08
6.25	6	6.5	4.34E-07	1.96E-08	-1.96E-08	3.82E-08	-3.82E-08
6.75	6.5	7	2.45E-07	1.36E-08	-1.36E-08	2.15E-08	-2.15E-08
7.25	7	7.5	1.46E-07	1.02E-08	-1.02E-08	1.28E-08	-1.28E-08
7.75	7.5	8	7.73E-08	7.23E-09	-7.23E-09	6.79E-09	-6.79E-09
8.25	8	8.5	4.87E-08	5.61E-09	-5.61E-09	3.66E-09	-3.66E-09
8.75	8.5	9	2.37E-08	4.44E-09	-4.44E-09	1.78E-09	-1.78E-09
9.25	9	9.5	1.60E-08	2.83E-09	-2.83E-09	1.21E-09	-1.21E-09
9.75	9.5	10	8.47E-09	2.00E-09	-2.00E-09	6.84E-10	-6.84E-10
11	10	12	5.04E-09	6.99E-10	-6.99E-10	5.53E-10	-5.53E-10
13	12	14	9.23E-10	2.92E-10	-2.92E-10	1.63E-10	-1.63E-10
15	14	16	1.04E-10	1.04E-10	-1.04E-10	2.61E-11	-2.61E-11
17	16	18	1.41E-10	1.41E-10	-1.41E-10	4.62E-11	-4.62E-11
19	18	20	0	0	0	0	0
							
centrality	0	93  0   0
pt	ptlow	pthigh	inv.yield	stat +	stat -	sys +	sys -
5.25	5	5.5	4.04E-05	1.03E-07	-1.03E-07	3.55E-06	-3.55E-06
5.75	5.5	6	1.88E-05	6.28E-08	-6.28E-08	1.65E-06	-1.65E-06
6.25	6	6.5	9.46E-06	4.05E-08	-4.05E-08	8.32E-07	-8.32E-07
6.75	6.5	7	5.05E-06	2.74E-08	-2.74E-08	4.44E-07	-4.44E-07
7.25	7	7.5	2.82E-06	1.92E-08	-1.92E-08	2.48E-07	-2.48E-07
7.75	7.5	8	1.69E-06	1.40E-08	-1.40E-08	1.48E-07	-1.48E-07
8.25	8	8.5	1.02E-06	1.03E-08	-1.03E-08	7.66E-08	-7.66E-08
8.75	8.5	9	6.31E-07	7.76E-09	-7.76E-09	4.73E-08	-4.73E-08
9.25	9	9.5	4.07E-07	5.98E-09	-5.98E-09	3.08E-08	-3.08E-08
9.75	9.5	10	2.74E-07	4.69E-09	-4.69E-09	2.22E-08	-2.22E-08
11	10	12	1.07E-07	1.32E-09	-1.32E-09	1.18E-08	-1.18E-08
13	12	14	2.97E-08	6.59E-10	-6.59E-10	5.25E-09	-5.25E-09
15	14	16	9.45E-09	3.97E-10	-3.97E-10	2.38E-09	-2.38E-09
17	16	18	3.21E-09	2.60E-10	-2.60E-10	1.05E-09	-1.05E-09
19	18	20	1.22E-09	2.01E-10	-2.01E-10	4.98E-10	-4.98E-10
							
centrality	0	5   0   0
pt	ptlow	pthigh	inv.yield	stat +	stat -	sys +	sys -
5.25	5	5.5	9.39E-05	8.68E-07	-8.68E-07	8.26E-06	-8.26E-06
5.75	5.5	6	4.52E-05	5.17E-07	-5.17E-07	3.98E-06	-3.98E-06
6.25	6	6.5	2.27E-05	3.25E-07	-3.25E-07	2.00E-06	-2.00E-06
6.75	6.5	7	1.25E-05	2.17E-07	-2.17E-07	1.10E-06	-1.10E-06
7.25	7	7.5	6.86E-06	1.47E-07	-1.47E-07	6.03E-07	-6.03E-07
7.75	7.5	8	4.16E-06	1.06E-07	-1.06E-07	3.66E-07	-3.66E-07
8.25	8	8.5	2.60E-06	7.82E-08	-7.82E-08	1.95E-07	-1.95E-07
8.75	8.5	9	1.54E-06	5.75E-08	-5.75E-08	1.16E-07	-1.16E-07
9.25	9	9.5	1.12E-06	4.47E-08	-4.47E-08	8.46E-08	-8.46E-08
9.75	9.5	10	7.68E-07	3.54E-08	-3.54E-08	6.21E-08	-6.21E-08
11	10	12	2.84E-07	9.60E-09	-9.60E-09	3.11E-08	-3.11E-08
13	12	14	8.68E-08	4.94E-09	-4.94E-09	1.53E-08	-1.53E-08
15	14	16	2.66E-08	3.04E-09	-3.04E-09	6.69E-09	-6.69E-09
17	16	18	9.55E-09	1.95E-09	-1.95E-09	3.14E-09	-3.14E-09
19	18	20	4.45E-09	1.68E-09	-1.68E-09	1.81E-09	-1.81E-09
