centrality	0	5	535	0
pt	ptlow	pthigh	inv.yield	stat +	stat -	sys +	sys -
0.225	0.2	0.25	500.345	0	0	40.0277	-40.0277
0.275	0.25	0.3	392.751	0	0	31.4202	-31.4202
0.325	0.3	0.35	305.103	0	0	24.4083	-24.4083
0.375	0.35	0.4	236.093	0	0	18.8874	-18.8874
0.425	0.4	0.45	182.594	0	0	14.6075	-14.6075
0.475	0.45	0.5	138.843	0	0	11.1075	-11.1075
0.525	0.5	0.55	107.508	0	0	8.60069	-8.60069
0.575	0.55	0.6	85.0242	0	0	6.80196	-6.80196
0.625	0.6	0.65	68.3447	0	0	5.4676	-5.4676
0.675	0.65	0.7	53.6511	0	0	4.29212	-4.29212
0.725	0.7	0.75	43.7662	0	0	3.50131	-3.50131
0.775	0.75	0.8	34.9955	0	0	2.79976	-2.79976
0.45	0.4	0.5	158.426	0	0	12.6741	-12.6741
0.55	0.5	0.6	96.897	0	0	7.75178	-7.75178
0.65	0.6	0.7	60.8347	0	0	4.8668	-4.8668
0.75	0.7	0.8	38.9843	0	0	3.11876	-3.11876
0.85	0.8	0.9	25.2649	0	0	2.02121	-2.02121
0.95	0.9	1	16.599	0	0	1.32793	-1.32793
1.05	1	1.1	11.0418	0	0	0.883353	-0.883353
1.15	1.1	1.2	7.41876	0	0	0.59351	-0.59351
1.25	1.2	1.3	5.01901	0	0	0.40153	-0.40153
1.35	1.3	1.4	3.42396	0	0	0.273925	-0.273925
1.45	1.4	1.5	2.3566	0	0	0.188536	-0.188536
1.55	1.5	1.6	1.63391	0	0	0.13072	-0.13072
1.65	1.6	1.7	1.13839	0	0	0.0910781	-0.0910781
1.75	1.7	1.8	0.798017	0	0	0.0638478	-0.0638478
1.85	1.8	1.9	0.563835	0	0	0.045113	-0.045113
1.95	1.9	2	0.403095	0	0	0.0322536	-0.0322536
							
centrality	5	10	466	0
pt	ptlow	pthigh	inv.yield	stat +	stat -	sys +	sys -
0.225	0.2	0.25	413.481	0	0	33.0785	-33.0785
0.275	0.25	0.3	324.878	0	0	25.9902	-25.9902
0.325	0.3	0.35	252.788	0	0	20.223	-20.223
0.375	0.35	0.4	195.97	0	0	15.6776	-15.6776
0.425	0.4	0.45	151.602	0	0	12.1282	-12.1282
0.475	0.45	0.5	116.068	0	0	9.28544	-9.28544
0.525	0.5	0.55	89.9779	0	0	7.19825	-7.19825
0.575	0.55	0.6	70.6445	0	0	5.65158	-5.65158
0.625	0.6	0.65	56.8118	0	0	4.54496	-4.54496
0.675	0.65	0.7	44.4211	0	0	3.55371	-3.55371
0.725	0.7	0.75	35.6153	0	0	2.84926	-2.84926
0.775	0.75	0.8	29.2426	0	0	2.33949	-2.33949
0.45	0.4	0.5	133.884	0	0	10.7107	-10.7107
0.55	0.5	0.6	81.6039	0	0	6.52833	-6.52833
0.65	0.6	0.7	51.1206	0	0	4.08966	-4.08966
0.75	0.7	0.8	32.7126	0	0	2.61702	-2.61702
0.85	0.8	0.9	21.1585	0	0	1.69269	-1.69269
0.95	0.9	1	13.8754	0	0	1.11004	-1.11004
1.05	1	1.1	9.21667	0	0	0.737342	-0.737342
1.15	1.1	1.2	6.20444	0	0	0.496363	-0.496363
1.25	1.2	1.3	4.19269	0	0	0.335422	-0.335422
1.35	1.3	1.4	2.8607	0	0	0.228863	-0.228863
1.45	1.4	1.5	1.96809	0	0	0.157453	-0.157453
1.55	1.5	1.6	1.36199	0	0	0.108964	-0.108964
1.65	1.6	1.7	0.949759	0	0	0.0759859	-0.0759859
1.75	1.7	1.8	0.667869	0	0	0.0534345	-0.0534345
1.85	1.8	1.9	0.471832	0	0	0.0377514	-0.0377514
1.95	1.9	2	0.336259	0	0	0.0269054	-0.0269054
							
centrality	10	20	368.5	0
pt	ptlow	pthigh	inv.yield	stat +	stat -	sys +	sys -
0.225	0.2	0.25	313.582	0	0	25.0865	-25.0865
0.275	0.25	0.3	243.856	0	0	19.5085	-19.5085
0.325	0.3	0.35	189.278	0	0	15.1423	-15.1423
0.375	0.35	0.4	146.298	0	0	11.7039	-11.7039
0.425	0.4	0.45	113.026	0	0	9.04212	-9.04212
0.475	0.45	0.5	85.1543	0	0	6.81235	-6.81235
0.525	0.5	0.55	66.9627	0	0	5.35702	-5.35702
0.575	0.55	0.6	52.2714	0	0	4.18172	-4.18172
0.625	0.6	0.65	42.162	0	0	3.37297	-3.37297
0.675	0.65	0.7	33.2775	0	0	2.66221	-2.66221
0.725	0.7	0.75	26.0097	0	0	2.0808	-2.0808
0.775	0.75	0.8	21.9963	0	0	1.75972	-1.75972
0.45	0.4	0.5	100.212	0	0	8.01696	-8.01696
0.55	0.5	0.6	60.8793	0	0	4.87035	-4.87035
0.65	0.6	0.7	38.0365	0	0	3.04292	-3.04292
0.75	0.7	0.8	24.3218	0	0	1.94575	-1.94575
0.85	0.8	0.9	15.7315	0	0	1.25852	-1.25852
0.95	0.9	1	10.3109	0	0	0.824878	-0.824878
1.05	1	1.1	6.86971	0	0	0.54958	-0.54958
1.15	1.1	1.2	4.63515	0	0	0.370815	-0.370815
1.25	1.2	1.3	3.14717	0	0	0.251777	-0.251777
1.35	1.3	1.4	2.15765	0	0	0.172615	-0.172615
1.45	1.4	1.5	1.48922	0	0	0.11914	-0.11914
1.55	1.5	1.6	1.03747	0	0	0.0830003	-0.0830003
1.65	1.6	1.7	0.726003	0	0	0.0580824	-0.0580824
1.75	1.7	1.8	0.511478	0	0	0.0409203	-0.0409203
1.85	1.8	1.9	0.364219	0	0	0.0291396	-0.0291396
1.95	1.9	2	0.260664	0	0	0.0208551	-0.0208551
							
centrality	20	30	257.5	0
pt	ptlow	pthigh	inv.yield	stat +	stat -	sys +	sys -
0.225	0.2	0.25	212.688	0	0	17.0151	-17.0151
0.275	0.25	0.3	166.204	0	0	13.2964	-13.2964
0.325	0.3	0.35	127.66	0	0	10.2128	-10.2128
0.375	0.35	0.4	98.3626	0	0	7.86901	-7.86901
0.425	0.4	0.45	75.7911	0	0	6.0633	-6.0633
0.475	0.45	0.5	57.6003	0	0	4.60803	-4.60803
0.525	0.5	0.55	45.069	0	0	3.60553	-3.60553
0.575	0.55	0.6	34.145	0	0	2.73161	-2.73161
0.625	0.6	0.65	27.5737	0	0	2.2059	-2.2059
0.675	0.65	0.7	21.8392	0	0	1.74714	-1.74714
0.725	0.7	0.75	17.5698	0	0	1.4056	-1.4056
0.775	0.75	0.8	14.2972	0	0	1.14381	-1.14381
0.45	0.4	0.5	67.3893	0	0	5.39115	-5.39115
0.55	0.5	0.6	40.7546	0	0	3.26038	-3.26038
0.65	0.6	0.7	25.2799	0	0	2.02239	-2.02239
0.75	0.7	0.8	16.1055	0	0	1.28845	-1.28845
0.85	0.8	0.9	10.3893	0	0	0.831151	-0.831151
0.95	0.9	1	6.78166	0	0	0.542536	-0.542536
1.05	1	1.1	4.51802	0	0	0.361445	-0.361445
1.15	1.1	1.2	3.04987	0	0	0.243992	-0.243992
1.25	1.2	1.3	2.07418	0	0	0.165937	-0.165937
1.35	1.3	1.4	1.42313	0	0	0.113853	-0.113853
1.45	1.4	1.5	0.985813	0	0	0.0788672	-0.0788672
1.55	1.5	1.6	0.689188	0	0	0.0551371	-0.0551371
1.65	1.6	1.7	0.483814	0	0	0.0387071	-0.0387071
1.75	1.7	1.8	0.342972	0	0	0.0274396	-0.0274396
1.85	1.8	1.9	0.244671	0	0	0.0195754	-0.0195754
1.95	1.9	2	0.1761	0	0	0.0140897	-0.0140897
							
centrality	30	40	169.5	0
pt	ptlow	pthigh	inv.yield	stat +	stat -	sys +	sys -
0.225	0.2	0.25	140.34	0	0	11.2272	-11.2272
0.275	0.25	0.3	108.089	0	0	8.64715	-8.64715
0.325	0.3	0.35	83.3759	0	0	6.67008	-6.67008
0.375	0.35	0.4	64.02	0	0	5.12161	-5.12161
0.425	0.4	0.45	49.102	0	0	3.92817	-3.92817
0.475	0.45	0.5	37.9403	0	0	3.03523	-3.03523
0.525	0.5	0.55	29.3029	0	0	2.34423	-2.34423
0.575	0.55	0.6	22.6916	0	0	1.81534	-1.81534
0.625	0.6	0.65	17.8644	0	0	1.42916	-1.42916
0.675	0.65	0.7	13.8662	0	0	1.1093	-1.1093
0.725	0.7	0.75	11.1351	0	0	0.890821	-0.890821
0.775	0.75	0.8	9.10463	0	0	0.728386	-0.728386
0.45	0.4	0.5	43.7881	0	0	3.50306	-3.50306
0.55	0.5	0.6	26.3526	0	0	2.10822	-2.10822
0.65	0.6	0.7	16.233	0	0	1.29864	-1.29864
0.75	0.7	0.8	10.2793	0	0	0.82235	-0.82235
0.85	0.8	0.9	6.60452	0	0	0.528365	-0.528365
0.95	0.9	1	4.28752	0	0	0.343004	-0.343004
1.05	1	1.1	2.8449	0	0	0.227595	-0.227595
1.15	1.1	1.2	1.91977	0	0	0.153584	-0.153584
1.25	1.2	1.3	1.30534	0	0	0.10443	-0.10443
1.35	1.3	1.4	0.89711	0	0	0.0717709	-0.0717709
1.45	1.4	1.5	0.622014	0	0	0.0497631	-0.0497631
1.55	1.5	1.6	0.435151	0	0	0.0348139	-0.0348139
1.65	1.6	1.7	0.306382	0	0	0.0245123	-0.0245123
1.75	1.7	1.8	0.21807	0	0	0.0174473	-0.0174473
1.85	1.8	1.9	0.156199	0	0	0.0124976	-0.0124976
1.95	1.9	2	0.112845	0	0	0.00902917	-0.00902917
							
centrality	40	50	104	0
pt	ptlow	pthigh	inv.yield	stat +	stat -	sys +	sys -
0.225	0.2	0.25	88.6759	0	0	7.09409	-7.09409
0.275	0.25	0.3	64.7828	0	0	5.18263	-5.18263
0.325	0.3	0.35	48.8062	0	0	3.9045	-3.9045
0.375	0.35	0.4	37.0385	0	0	2.96309	-2.96309
0.425	0.4	0.45	29.0989	0	0	2.32792	-2.32792
0.475	0.45	0.5	22.1484	0	0	1.77188	-1.77188
0.525	0.5	0.55	16.9589	0	0	1.35672	-1.35672
0.575	0.55	0.6	13.3229	0	0	1.06584	-1.06584
0.625	0.6	0.65	10.611	0	0	0.848889	-0.848889
0.675	0.65	0.7	8.20985	0	0	0.656793	-0.656793
0.725	0.7	0.75	6.56854	0	0	0.525494	-0.525494
0.775	0.75	0.8	5.3539	0	0	0.428335	-0.428335
0.45	0.4	0.5	26.2173	0	0	2.09739	-2.09739
0.55	0.5	0.6	15.7307	0	0	1.25846	-1.25846
0.65	0.6	0.7	9.6513	0	0	0.772108	-0.772108
0.75	0.7	0.8	6.07685	0	0	0.486152	-0.486152
0.85	0.8	0.9	3.8955	0	0	0.311644	-0.311644
0.95	0.9	1	2.51896	0	0	0.20152	-0.20152
1.05	1	1.1	1.66601	0	0	0.133284	-0.133284
1.15	1.1	1.2	1.12423	0	0	0.0899405	-0.0899405
1.25	1.2	1.3	0.764986	0	0	0.0612011	-0.0612011
1.35	1.3	1.4	0.526621	0	0	0.0421317	-0.0421317
1.45	1.4	1.5	0.366062	0	0	0.0292869	-0.0292869
1.55	1.5	1.6	0.256495	0	0	0.0205214	-0.0205214
1.65	1.6	1.7	0.181677	0	0	0.0145359	-0.0145359
1.75	1.7	1.8	0.129427	0	0	0.0103558	-0.0103558
1.85	1.8	1.9	0.0930373	0	0	0.00744458	-0.00744458
1.95	1.9	2	0.0673868	0	0	0.00539249	-0.00539249
							
centrality	50	60	59	0
pt	ptlow	pthigh	inv.yield	stat +	stat -	sys +	sys -
0.225	0.2	0.25	51.8273	0	0	4.1462	-4.1462
0.275	0.25	0.3	39.0438	0	0	3.12351	-3.12351
0.325	0.3	0.35	29.4973	0	0	2.35979	-2.35979
0.375	0.35	0.4	22.4056	0	0	1.79246	-1.79246
0.425	0.4	0.45	16.682	0	0	1.33457	-1.33457
0.475	0.45	0.5	12.7904	0	0	1.02324	-1.02324
0.525	0.5	0.55	10.0218	0	0	0.801748	-0.801748
0.575	0.55	0.6	7.69583	0	0	0.615673	-0.615673
0.625	0.6	0.65	6.02683	0	0	0.482152	-0.482152
0.675	0.65	0.7	4.70229	0	0	0.376189	-0.376189
0.725	0.7	0.75	3.67611	0	0	0.294095	-0.294095
0.775	0.75	0.8	2.98778	0	0	0.239046	-0.239046
0.45	0.4	0.5	15.1773	0	0	1.21419	-1.21419
0.55	0.5	0.6	9.01027	0	0	0.720826	-0.720826
0.65	0.6	0.7	5.4713	0	0	0.437709	-0.437709
0.75	0.7	0.8	3.41002	0	0	0.272805	-0.272805
0.85	0.8	0.9	2.16395	0	0	0.17312	-0.17312
0.95	0.9	1	1.38693	0	0	0.110957	-0.110957
1.05	1	1.1	0.911969	0	0	0.0729603	-0.0729603
1.15	1.1	1.2	0.612301	0	0	0.0489866	-0.0489866
1.25	1.2	1.3	0.415459	0	0	0.033239	-0.033239
1.35	1.3	1.4	0.284739	0	0	0.0227813	-0.0227813
1.45	1.4	1.5	0.198279	0	0	0.0158643	-0.0158643
1.55	1.5	1.6	0.138829	0	0	0.0111082	-0.0111082
1.65	1.6	1.7	0.0984791	0	0	0.00788008	-0.00788008
1.75	1.7	1.8	0.0702676	0	0	0.00562308	-0.00562308
1.85	1.8	1.9	0.0504348	0	0	0.0040364	-0.0040364
1.95	1.9	2	0.0367797	0	0	0.00294395	-0.00294395
							
centrality	60	70	29.5	0
pt	ptlow	pthigh	inv.yield	stat +	stat -	sys +	sys -
0.225	0.2	0.25	26.7243	0	0	2.13796	-2.13796
0.275	0.25	0.3	19.7967	0	0	1.58375	-1.58375
0.325	0.3	0.35	15.48	0	0	1.23841	-1.23841
0.375	0.35	0.4	11.7722	0	0	0.941782	-0.941782
0.425	0.4	0.45	8.89486	0	0	0.711597	-0.711597
0.475	0.45	0.5	6.65425	0	0	0.532347	-0.532347
0.525	0.5	0.55	5.08621	0	0	0.406904	-0.406904
0.575	0.55	0.6	3.90529	0	0	0.312431	-0.312431
0.625	0.6	0.65	3.09111	0	0	0.247294	-0.247294
0.675	0.65	0.7	2.37951	0	0	0.190367	-0.190367
0.725	0.7	0.75	1.91993	0	0	0.1536	-0.1536
0.775	0.75	0.8	1.51116	0	0	0.120899	-0.120899
0.45	0.4	0.5	7.91082	0	0	0.632872	-0.632872
0.55	0.5	0.6	4.63911	0	0	0.371134	-0.371134
0.65	0.6	0.7	2.78335	0	0	0.222672	-0.222672
0.75	0.7	0.8	1.71135	0	0	0.136912	-0.136912
0.85	0.8	0.9	1.07727	0	0	0.0861846	-0.0861846
0.95	0.9	1	0.683875	0	0	0.054713	-0.054713
1.05	1	1.1	0.445869	0	0	0.0356722	-0.0356722
1.15	1.1	1.2	0.297331	0	0	0.023789	-0.023789
1.25	1.2	1.3	0.201066	0	0	0.0160875	-0.0160875
1.35	1.3	1.4	0.137869	0	0	0.0110316	-0.0110316
1.45	1.4	1.5	0.0952637	0	0	0.00762305	-0.00762305
1.55	1.5	1.6	0.0670447	0	0	0.00536541	-0.00536541
1.65	1.6	1.7	0.0472448	0	0	0.00378132	-0.00378132
1.75	1.7	1.8	0.0339207	0	0	0.00271533	-0.00271533
1.85	1.8	1.9	0.0244481	0	0	0.00195745	-0.00195745
1.95	1.9	2	0.0178847	0	0	0.00143233	-0.00143233
							
centrality	70	80	13	0
pt	ptlow	pthigh	inv.yield	stat +	stat -	sys +	sys -
0.225	0.2	0.25	13.1424	0	0	1.05141	-1.05141
0.275	0.25	0.3	9.72947	0	0	0.778374	-0.778374
0.325	0.3	0.35	7.30546	0	0	0.58445	-0.58445
0.375	0.35	0.4	5.48366	0	0	0.438705	-0.438705
0.425	0.4	0.45	4.05986	0	0	0.324799	-0.324799
0.475	0.45	0.5	3.06417	0	0	0.245143	-0.245143
0.525	0.5	0.55	2.30405	0	0	0.184333	-0.184333
0.575	0.55	0.6	1.75784	0	0	0.140635	-0.140635
0.625	0.6	0.65	1.38129	0	0	0.11051	-0.11051
0.675	0.65	0.7	1.05213	0	0	0.0841786	-0.0841786
0.725	0.7	0.75	0.816157	0	0	0.0653061	-0.0653061
0.775	0.75	0.8	0.652754	0	0	0.0522268	-0.0522268
0.45	0.4	0.5	3.63477	0	0	0.29079	-0.29079
0.55	0.5	0.6	2.09782	0	0	0.167832	-0.167832
0.65	0.6	0.7	1.24189	0	0	0.0993567	-0.0993567
0.75	0.7	0.8	0.751999	0	0	0.0601647	-0.0601647
0.85	0.8	0.9	0.46697	0	0	0.0373618	-0.0373618
0.95	0.9	1	0.293581	0	0	0.0234902	-0.0234902
1.05	1	1.1	0.189103	0	0	0.0151317	-0.0151317
1.15	1.1	1.2	0.125005	0	0	0.0100035	-0.0100035
1.25	1.2	1.3	0.0843759	0	0	0.00675294	-0.00675294
1.35	1.3	1.4	0.0574277	0	0	0.00459688	-0.00459688
1.45	1.4	1.5	0.0397367	0	0	0.00318143	-0.00318143
1.55	1.5	1.6	0.0275172	0	0	0.00220372	-0.00220372
1.65	1.6	1.7	0.0195544	0	0	0.00156659	-0.00156659
1.75	1.7	1.8	0.0140406	0	0	0.00112539	-0.00112539
1.85	1.8	1.9	0.00995929	0	0	0.000798806	-0.000798806
1.95	1.9	2	0.00723219	0	0	0.000580584	-0.000580584
