centrality	0	5	535	0
pt	ptlow	pthigh	inv.yield	stat +	stat -	sys +	sys -
0.225	0.2	0.25	497.369	0	0	39.7896	-39.7896
0.275	0.25	0.3	393.337	0	0	31.467	-31.467
0.325	0.3	0.35	307.422	0	0	24.5938	-24.5938
0.375	0.35	0.4	239.12	0	0	19.1296	-19.1296
0.425	0.4	0.45	185.636	0	0	14.8509	-14.8509
0.475	0.45	0.5	141.403	0	0	11.3122	-11.3122
0.525	0.5	0.55	109.702	0	0	8.77616	-8.77616
0.575	0.55	0.6	86.8623	0	0	6.94901	-6.94901
0.625	0.6	0.65	69.9365	0	0	5.59494	-5.59494
0.675	0.65	0.7	54.2834	0	0	4.34271	-4.34271
0.725	0.7	0.75	44.4981	0	0	3.55987	-3.55987
0.775	0.75	0.8	35.9369	0	0	2.87507	-2.87507
0.45	0.4	0.5	161.155	0	0	12.8924	-12.8924
0.55	0.5	0.6	99.0142	0	0	7.92116	-7.92116
0.65	0.6	0.7	62.1993	0	0	4.97596	-4.97596
0.75	0.7	0.8	39.8031	0	0	3.18426	-3.18426
0.85	0.8	0.9	25.7642	0	0	2.06115	-2.06115
0.95	0.9	1	16.8688	0	0	1.34951	-1.34951
1.05	1	1.1	11.2004	0	0	0.896041	-0.896041
1.15	1.1	1.2	7.51244	0	0	0.601005	-0.601005
1.25	1.2	1.3	5.07148	0	0	0.405727	-0.405727
1.35	1.3	1.4	3.46903	0	0	0.27753	-0.27753
1.45	1.4	1.5	2.38595	0	0	0.190884	-0.190884
1.55	1.5	1.6	1.65239	0	0	0.132198	-0.132198
1.65	1.6	1.7	1.14985	0	0	0.0919946	-0.0919946
1.75	1.7	1.8	0.809222	0	0	0.064744	-0.064744
1.85	1.8	1.9	0.574222	0	0	0.0459438	-0.0459438
1.95	1.9	2	0.411087	0	0	0.0328927	-0.0328927
							
centrality	5	10	466	0
pt	ptlow	pthigh	inv.yield	stat +	stat -	sys +	sys -
0.225	0.2	0.25	421.858	0	0	33.7487	-33.7487
0.275	0.25	0.3	327.455	0	0	26.1964	-26.1964
0.325	0.3	0.35	253.434	0	0	20.2747	-20.2747
0.375	0.35	0.4	195.984	0	0	15.6788	-15.6788
0.425	0.4	0.45	151.525	0	0	12.122	-12.122
0.475	0.45	0.5	115.212	0	0	9.21696	-9.21696
0.525	0.5	0.55	89.9768	0	0	7.19817	-7.19817
0.575	0.55	0.6	70.5441	0	0	5.64355	-5.64355
0.625	0.6	0.65	56.8928	0	0	4.55145	-4.55145
0.675	0.65	0.7	44.5466	0	0	3.56375	-3.56375
0.725	0.7	0.75	35.8365	0	0	2.86695	-2.86695
0.775	0.75	0.8	29.2497	0	0	2.34007	-2.34007
0.45	0.4	0.5	133.857	0	0	10.7085	-10.7085
0.55	0.5	0.6	81.7737	0	0	6.54191	-6.54191
0.65	0.6	0.7	51.2857	0	0	4.10287	-4.10287
0.75	0.7	0.8	32.8317	0	0	2.62655	-2.62655
0.85	0.8	0.9	21.2846	0	0	1.70278	-1.70278
0.95	0.9	1	13.9615	0	0	1.11693	-1.11693
1.05	1	1.1	9.30386	0	0	0.744317	-0.744317
1.15	1.1	1.2	6.26416	0	0	0.50114	-0.50114
1.25	1.2	1.3	4.25624	0	0	0.340506	-0.340506
1.35	1.3	1.4	2.91236	0	0	0.232995	-0.232995
1.45	1.4	1.5	2.01059	0	0	0.160853	-0.160853
1.55	1.5	1.6	1.39833	0	0	0.111872	-0.111872
1.65	1.6	1.7	0.978748	0	0	0.078305	-0.078305
1.75	1.7	1.8	0.691715	0	0	0.0553422	-0.0553422
1.85	1.8	1.9	0.492736	0	0	0.0394236	-0.0394236
1.95	1.9	2	0.353861	0	0	0.0283135	-0.0283135
							
centrality	10	20	368.5	0
pt	ptlow	pthigh	inv.yield	stat +	stat -	sys +	sys -
0.225	0.2	0.25	313.057	0	0	25.0446	-25.0446
0.275	0.25	0.3	241.793	0	0	19.3434	-19.3434
0.325	0.3	0.35	187.823	0	0	15.0259	-15.0259
0.375	0.35	0.4	145.335	0	0	11.6268	-11.6268
0.425	0.4	0.45	112.401	0	0	8.99211	-8.99211
0.475	0.45	0.5	84.8035	0	0	6.78429	-6.78429
0.525	0.5	0.55	66.8162	0	0	5.34531	-5.34531
0.575	0.55	0.6	52.2483	0	0	4.17988	-4.17988
0.625	0.6	0.65	42.2027	0	0	3.37623	-3.37623
0.675	0.65	0.7	33.3921	0	0	2.67138	-2.67138
0.725	0.7	0.75	26.1216	0	0	2.08975	-2.08975
0.775	0.75	0.8	22.2052	0	0	1.77644	-1.77644
0.45	0.4	0.5	99.7202	0	0	7.97762	-7.97762
0.55	0.5	0.6	60.8611	0	0	4.8689	-4.8689
0.65	0.6	0.7	38.1066	0	0	3.04854	-3.04854
0.75	0.7	0.8	24.4076	0	0	1.95261	-1.95261
0.85	0.8	0.9	15.8294	0	0	1.26636	-1.26636
0.95	0.9	1	10.3797	0	0	0.830382	-0.830382
1.05	1	1.1	6.91896	0	0	0.55352	-0.55352
1.15	1.1	1.2	4.67241	0	0	0.373796	-0.373796
1.25	1.2	1.3	3.17949	0	0	0.254362	-0.254362
1.35	1.3	1.4	2.18405	0	0	0.174727	-0.174727
1.45	1.4	1.5	1.51089	0	0	0.120874	-0.120874
1.55	1.5	1.6	1.05492	0	0	0.0843961	-0.0843961
1.65	1.6	1.7	0.740634	0	0	0.0592529	-0.0592529
1.75	1.7	1.8	0.525855	0	0	0.0420705	-0.0420705
1.85	1.8	1.9	0.375792	0	0	0.0300653	-0.0300653
1.95	1.9	2	0.27124	0	0	0.0217011	-0.0217011
							
centrality	20	30	257.5	0
pt	ptlow	pthigh	inv.yield	stat +	stat -	sys +	sys -
0.225	0.2	0.25	208.044	0	0	16.6435	-16.6435
0.275	0.25	0.3	162.372	0	0	12.9898	-12.9898
0.325	0.3	0.35	124.939	0	0	9.99514	-9.99514
0.375	0.35	0.4	96.5587	0	0	7.72471	-7.72471
0.425	0.4	0.45	74.5927	0	0	5.96743	-5.96743
0.475	0.45	0.5	56.87	0	0	4.54961	-4.54961
0.525	0.5	0.55	44.6371	0	0	3.57098	-3.57098
0.575	0.55	0.6	34.6529	0	0	2.77224	-2.77224
0.625	0.6	0.65	27.4665	0	0	2.19733	-2.19733
0.675	0.65	0.7	21.8294	0	0	1.74636	-1.74636
0.725	0.7	0.75	17.4229	0	0	1.39385	-1.39385
0.775	0.75	0.8	14.3074	0	0	1.14462	-1.14462
0.45	0.4	0.5	66.3984	0	0	5.31188	-5.31188
0.55	0.5	0.6	40.431	0	0	3.23449	-3.23449
0.65	0.6	0.7	25.2101	0	0	2.01682	-2.01682
0.75	0.7	0.8	16.1138	0	0	1.28911	-1.28911
0.85	0.8	0.9	10.4384	0	0	0.835074	-0.835074
0.95	0.9	1	6.83568	0	0	0.546858	-0.546858
1.05	1	1.1	4.54861	0	0	0.363892	-0.363892
1.15	1.1	1.2	3.0751	0	0	0.24601	-0.24601
1.25	1.2	1.3	2.09757	0	0	0.167809	-0.167809
1.35	1.3	1.4	1.44466	0	0	0.115575	-0.115575
1.45	1.4	1.5	1.00243	0	0	0.0801965	-0.0801965
1.55	1.5	1.6	0.701094	0	0	0.0560896	-0.0560896
1.65	1.6	1.7	0.4955	0	0	0.0396419	-0.0396419
1.75	1.7	1.8	0.353069	0	0	0.0282474	-0.0282474
1.85	1.8	1.9	0.253307	0	0	0.0202663	-0.0202663
1.95	1.9	2	0.183327	0	0	0.0146678	-0.0146678
							
centrality	30	40	169.5	0
pt	ptlow	pthigh	inv.yield	stat +	stat -	sys +	sys -
0.225	0.2	0.25	139.313	0	0	11.1451	-11.1451
0.275	0.25	0.3	106.867	0	0	8.54935	-8.54935
0.325	0.3	0.35	82.407	0	0	6.59257	-6.59257
0.375	0.35	0.4	63.3075	0	0	5.06461	-5.06461
0.425	0.4	0.45	48.3872	0	0	3.87099	-3.87099
0.475	0.45	0.5	37.0147	0	0	2.96118	-2.96118
0.525	0.5	0.55	29.1018	0	0	2.32815	-2.32815
0.575	0.55	0.6	22.5645	0	0	1.80517	-1.80517
0.625	0.6	0.65	17.8106	0	0	1.42485	-1.42485
0.675	0.65	0.7	13.8444	0	0	1.10756	-1.10756
0.725	0.7	0.75	11.134	0	0	0.890735	-0.890735
0.775	0.75	0.8	9.13812	0	0	0.731066	-0.731066
0.45	0.4	0.5	43.3511	0	0	3.4681	-3.4681
0.55	0.5	0.6	26.1836	0	0	2.09469	-2.09469
0.65	0.6	0.7	16.1806	0	0	1.29446	-1.29446
0.75	0.7	0.8	10.268	0	0	0.821441	-0.821441
0.85	0.8	0.9	6.62333	0	0	0.52987	-0.52987
0.95	0.9	1	4.30835	0	0	0.344671	-0.344671
1.05	1	1.1	2.85277	0	0	0.228225	-0.228225
1.15	1.1	1.2	1.92555	0	0	0.154046	-0.154046
1.25	1.2	1.3	1.31246	0	0	0.105	-0.105
1.35	1.3	1.4	0.903684	0	0	0.0722968	-0.0722968
1.45	1.4	1.5	0.627387	0	0	0.0501929	-0.0501929
1.55	1.5	1.6	0.44001	0	0	0.0352027	-0.0352027
1.65	1.6	1.7	0.311095	0	0	0.0248894	-0.0248894
1.75	1.7	1.8	0.222014	0	0	0.0177628	-0.0177628
1.85	1.8	1.9	0.159844	0	0	0.0127892	-0.0127892
1.95	1.9	2	0.116264	0	0	0.00930266	-0.00930266
							
centrality	40	50	104	0
pt	ptlow	pthigh	inv.yield	stat +	stat -	sys +	sys -
0.225	0.2	0.25	85.6885	0	0	6.8551	-6.8551
0.275	0.25	0.3	63.4417	0	0	5.07535	-5.07535
0.325	0.3	0.35	49.5459	0	0	3.96368	-3.96368
0.375	0.35	0.4	38.2024	0	0	3.0562	-3.0562
0.425	0.4	0.45	28.4907	0	0	2.27926	-2.27926
0.475	0.45	0.5	21.9561	0	0	1.75649	-1.75649
0.525	0.5	0.55	16.8281	0	0	1.34626	-1.34626
0.575	0.55	0.6	13.2297	0	0	1.05838	-1.05838
0.625	0.6	0.65	10.5234	0	0	0.841874	-0.841874
0.675	0.65	0.7	8.17423	0	0	0.653943	-0.653943
0.725	0.7	0.75	6.54914	0	0	0.523942	-0.523942
0.775	0.75	0.8	5.3412	0	0	0.427319	-0.427319
0.45	0.4	0.5	25.9706	0	0	2.07765	-2.07765
0.55	0.5	0.6	15.594	0	0	1.24752	-1.24752
0.65	0.6	0.7	9.58471	0	0	0.766781	-0.766781
0.75	0.7	0.8	6.05713	0	0	0.484574	-0.484574
0.85	0.8	0.9	3.89763	0	0	0.311814	-0.311814
0.95	0.9	1	2.52682	0	0	0.202148	-0.202148
1.05	1	1.1	1.66857	0	0	0.133488	-0.133488
1.15	1.1	1.2	1.12485	0	0	0.0899903	-0.0899903
1.25	1.2	1.3	0.767107	0	0	0.0613708	-0.0613708
1.35	1.3	1.4	0.529626	0	0	0.0423722	-0.0423722
1.45	1.4	1.5	0.367851	0	0	0.02943	-0.02943
1.55	1.5	1.6	0.258945	0	0	0.0207174	-0.0207174
1.65	1.6	1.7	0.183613	0	0	0.0146907	-0.0146907
1.75	1.7	1.8	0.131781	0	0	0.0105441	-0.0105441
1.85	1.8	1.9	0.0951888	0	0	0.00761668	-0.00761668
1.95	1.9	2	0.0695253	0	0	0.00556355	-0.00556355
							
centrality	50	60	59	0
pt	ptlow	pthigh	inv.yield	stat +	stat -	sys +	sys -
0.225	0.2	0.25	49.9896	0	0	3.99919	-3.99919
0.275	0.25	0.3	37.0489	0	0	2.96392	-2.96392
0.325	0.3	0.35	27.6437	0	0	2.21151	-2.21151
0.375	0.35	0.4	21.7714	0	0	1.74172	-1.74172
0.425	0.4	0.45	17.1775	0	0	1.3742	-1.3742
0.475	0.45	0.5	13.4864	0	0	1.07892	-1.07892
0.525	0.5	0.55	9.94384	0	0	0.795514	-0.795514
0.575	0.55	0.6	7.65333	0	0	0.612273	-0.612273
0.625	0.6	0.65	5.99959	0	0	0.479973	-0.479973
0.675	0.65	0.7	4.61598	0	0	0.369285	-0.369285
0.725	0.7	0.75	3.67193	0	0	0.29376	-0.29376
0.775	0.75	0.8	2.98762	0	0	0.239033	-0.239033
0.45	0.4	0.5	15.0286	0	0	1.2023	-1.2023
0.55	0.5	0.6	8.93507	0	0	0.714811	-0.714811
0.65	0.6	0.7	5.44181	0	0	0.435349	-0.435349
0.75	0.7	0.8	3.39524	0	0	0.271623	-0.271623
0.85	0.8	0.9	2.16692	0	0	0.173357	-0.173357
0.95	0.9	1	1.39709	0	0	0.11177	-0.11177
1.05	1	1.1	0.915246	0	0	0.0732224	-0.0732224
1.15	1.1	1.2	0.612301	0	0	0.0489865	-0.0489865
1.25	1.2	1.3	0.41725	0	0	0.0333823	-0.0333823
1.35	1.3	1.4	0.286477	0	0	0.0229203	-0.0229203
1.45	1.4	1.5	0.19912	0	0	0.0159316	-0.0159316
1.55	1.5	1.6	0.140079	0	0	0.0112081	-0.0112081
1.65	1.6	1.7	0.0996042	0	0	0.00797008	-0.00797008
1.75	1.7	1.8	0.071489	0	0	0.00572079	-0.00572079
1.85	1.8	1.9	0.051807	0	0	0.00414616	-0.00414616
1.95	1.9	2	0.037859	0	0	0.00303027	-0.00303027
							
centrality	60	70	29.5	0
pt	ptlow	pthigh	inv.yield	stat +	stat -	sys +	sys -
0.225	0.2	0.25	26.4507	0	0	2.11607	-2.11607
0.275	0.25	0.3	19.482	0	0	1.55857	-1.55857
0.325	0.3	0.35	15.2826	0	0	1.22262	-1.22262
0.375	0.35	0.4	11.5398	0	0	0.923196	-0.923196
0.425	0.4	0.45	8.97053	0	0	0.71765	-0.71765
0.475	0.45	0.5	6.70115	0	0	0.5361	-0.5361
0.525	0.5	0.55	5.17347	0	0	0.413884	-0.413884
0.575	0.55	0.6	3.92905	0	0	0.31433	-0.31433
0.625	0.6	0.65	3.02994	0	0	0.242401	-0.242401
0.675	0.65	0.7	2.31872	0	0	0.185504	-0.185504
0.725	0.7	0.75	1.8921	0	0	0.151374	-0.151374
0.775	0.75	0.8	1.5029	0	0	0.120238	-0.120238
0.45	0.4	0.5	7.76701	0	0	0.621367	-0.621367
0.55	0.5	0.6	4.55965	0	0	0.364777	-0.364777
0.65	0.6	0.7	2.74069	0	0	0.21926	-0.21926
0.75	0.7	0.8	1.6905	0	0	0.135244	-0.135244
0.85	0.8	0.9	1.06999	0	0	0.0856025	-0.0856025
0.95	0.9	1	0.682385	0	0	0.0545937	-0.0545937
1.05	1	1.1	0.443096	0	0	0.0354504	-0.0354504
1.15	1.1	1.2	0.295301	0	0	0.0236265	-0.0236265
1.25	1.2	1.3	0.199756	0	0	0.0159827	-0.0159827
1.35	1.3	1.4	0.137459	0	0	0.0109988	-0.0109988
1.45	1.4	1.5	0.0956683	0	0	0.00765539	-0.00765539
1.55	1.5	1.6	0.0668762	0	0	0.00535191	-0.00535191
1.65	1.6	1.7	0.0475996	0	0	0.00380968	-0.00380968
1.75	1.7	1.8	0.0340383	0	0	0.0027247	-0.0027247
1.85	1.8	1.9	0.0248053	0	0	0.001986	-0.001986
1.95	1.9	2	0.0181712	0	0	0.00145522	-0.00145522
							
centrality	70	80	13	0
pt	ptlow	pthigh	inv.yield	stat +	stat -	sys +	sys -
0.225	0.2	0.25	13.2376	0	0	1.05903	-1.05903
0.275	0.25	0.3	9.50073	0	0	0.760075	-0.760075
0.325	0.3	0.35	7.09882	0	0	0.567919	-0.567919
0.375	0.35	0.4	5.31128	0	0	0.424914	-0.424914
0.425	0.4	0.45	3.97566	0	0	0.318063	-0.318063
0.475	0.45	0.5	2.98978	0	0	0.239192	-0.239192
0.525	0.5	0.55	2.24905	0	0	0.179933	-0.179933
0.575	0.55	0.6	1.71361	0	0	0.137096	-0.137096
0.625	0.6	0.65	1.34516	0	0	0.107621	-0.107621
0.675	0.65	0.7	1.0263	0	0	0.082112	-0.082112
0.725	0.7	0.75	0.79477	0	0	0.0635955	-0.0635955
0.775	0.75	0.8	0.637594	0	0	0.0510129	-0.0510129
0.45	0.4	0.5	3.55117	0	0	0.284102	-0.284102
0.55	0.5	0.6	2.04245	0	0	0.163402	-0.163402
0.65	0.6	0.7	1.20662	0	0	0.096535	-0.096535
0.75	0.7	0.8	0.732444	0	0	0.0586002	-0.0586002
0.85	0.8	0.9	0.45706	0	0	0.0365689	-0.0365689
0.95	0.9	1	0.28863	0	0	0.0230941	-0.0230941
1.05	1	1.1	0.185341	0	0	0.0148306	-0.0148306
1.15	1.1	1.2	0.122443	0	0	0.0097985	-0.0097985
1.25	1.2	1.3	0.0824315	0	0	0.00659733	-0.00659733
1.35	1.3	1.4	0.0564617	0	0	0.00451954	-0.00451954
1.45	1.4	1.5	0.0388529	0	0	0.00311066	-0.00311066
1.55	1.5	1.6	0.0272032	0	0	0.00217854	-0.00217854
1.65	1.6	1.7	0.0193929	0	0	0.0015536	-0.0015536
1.75	1.7	1.8	0.0138234	0	0	0.00110794	-0.00110794
1.85	1.8	1.9	0.010032	0	0	0.000804556	-0.000804556
1.95	1.9	2	0.00736645	0	0	0.000591256	-0.000591256
