centrality	0	5	535	0
pt	ptlow	pthigh	inv.yield	stat +	stat -	sys +	sys -
0.325	0.3	0.35	25.7657	0	0	2.57657	-2.57657
0.375	0.35	0.4	23.8284	0	0	2.38284	-2.38284
0.425	0.4	0.45	21.5969	0	0	2.15969	-2.15969
0.475	0.45	0.5	19.791	0	0	1.97911	-1.97911
0.525	0.5	0.55	18.104	0	0	1.81041	-1.81041
0.575	0.55	0.6	15.8191	0	0	1.58192	-1.58192
0.625	0.6	0.65	14.3408	0	0	1.43408	-1.43408
0.675	0.65	0.7	12.5143	0	0	1.25143	-1.25143
0.725	0.7	0.75	10.8848	0	0	1.08849	-1.08849
0.775	0.75	0.8	9.40421	0	0	0.940423	-0.940423
0.45	0.4	0.5	20.3315	0	0	2.03469	-2.03469
0.55	0.5	0.6	16.3353	0	0	1.63463	-1.63463
0.65	0.6	0.7	12.7182	0	0	1.27267	-1.27267
0.75	0.7	0.8	9.61168	0	0	0.96187	-0.96187
0.85	0.8	0.9	7.01403	0	0	0.702006	-0.702006
0.95	0.9	1	5.04176	0	0	0.504707	-0.504707
1.05	1	1.1	3.81715	0	0	0.382198	-0.382198
1.15	1.1	1.2	2.78146	0	0	0.278585	-0.278585
1.25	1.2	1.3	2.01203	0	0	0.201613	-0.201613
1.35	1.3	1.4	1.43428	0	0	0.143812	-0.143812
1.45	1.4	1.5	1.06981	0	0	0.107342	-0.107342
1.55	1.5	1.6	0.739086	0	0	0.0742602	-0.0742602
1.65	1.6	1.7	0.544673	0	0	0.0548086	-0.0548086
1.75	1.7	1.8	0.393186	0	0	0.0396547	-0.0396547
1.85	1.8	1.9	0.297531	0	0	0.0300821	-0.0300821
1.95	1.9	2	0.198565	0	0	0.020192	-0.020192
							
centrality	5	10	466	0
pt	ptlow	pthigh	inv.yield	stat +	stat -	sys +	sys -
0.325	0.3	0.35	23.2306	0	0	2.32312	-2.32312
0.375	0.35	0.4	21.2491	0	0	2.12495	-2.12495
0.425	0.4	0.45	19.456	0	0	1.94564	-1.94564
0.475	0.45	0.5	17.4341	0	0	1.74344	-1.74344
0.525	0.5	0.55	15.2257	0	0	1.52262	-1.52262
0.575	0.55	0.6	13.3566	0	0	1.33633	-1.33633
0.625	0.6	0.65	11.7538	0	0	1.17541	-1.17541
0.675	0.65	0.7	10.3864	0	0	1.03866	-1.03866
0.725	0.7	0.75	9.08222	0	0	0.908426	-0.908426
0.775	0.75	0.8	7.70739	0	0	0.770822	-0.770822
0.45	0.4	0.5	17.5559	0	0	1.75753	-1.75753
0.55	0.5	0.6	13.9135	0	0	1.39275	-1.39275
0.65	0.6	0.7	10.8249	0	0	1.08359	-1.08359
0.75	0.7	0.8	8.15655	0	0	0.816558	-0.816558
0.85	0.8	0.9	5.8306	0	0	0.583828	-0.583828
0.95	0.9	1	4.21216	0	0	0.421885	-0.421885
1.05	1	1.1	3.17629	0	0	0.31823	-0.31823
1.15	1.1	1.2	2.27645	0	0	0.22819	-0.22819
1.25	1.2	1.3	1.64811	0	0	0.165319	-0.165319
1.35	1.3	1.4	1.21849	0	0	0.12232	-0.12232
1.45	1.4	1.5	0.873859	0	0	0.0878303	-0.0878303
1.55	1.5	1.6	0.617492	0	0	0.0621698	-0.0621698
1.65	1.6	1.7	0.4523	0	0	0.0456328	-0.0456328
1.75	1.7	1.8	0.318431	0	0	0.0322359	-0.0322359
1.85	1.8	1.9	0.222605	0	0	0.0226587	-0.0226587
1.95	1.9	2	0.164324	0	0	0.016822	-0.016822
							
centrality	10	20	368.5	0
pt	ptlow	pthigh	inv.yield	stat +	stat -	sys +	sys -
0.325	0.3	0.35	17.4559	0	0	1.74562	-1.74562
0.375	0.35	0.4	16.0868	0	0	1.6087	-1.6087
0.425	0.4	0.45	14.3905	0	0	1.43906	-1.43906
0.475	0.45	0.5	13.1148	0	0	1.31149	-1.31149
0.525	0.5	0.55	11.7315	0	0	1.17316	-1.17316
0.575	0.55	0.6	10.2347	0	0	1.02349	-1.02349
0.625	0.6	0.65	8.93189	0	0	0.8932	-0.8932
0.675	0.65	0.7	7.73922	0	0	0.77393	-0.77393
0.725	0.7	0.75	6.86667	0	0	0.686693	-0.686693
0.775	0.75	0.8	5.56841	0	0	0.556885	-0.556885
0.45	0.4	0.5	13.3028	0	0	1.33083	-1.33083
0.55	0.5	0.6	10.5212	0	0	1.05251	-1.05251
0.65	0.6	0.7	8.06194	0	0	0.806509	-0.806509
0.75	0.7	0.8	5.99952	0	0	0.600213	-0.600213
0.85	0.8	0.9	4.36082	0	0	0.436304	-0.436304
0.95	0.9	1	3.11609	0	0	0.311804	-0.311804
1.05	1	1.1	2.31977	0	0	0.232152	-0.232152
1.15	1.1	1.2	1.70556	0	0	0.170715	-0.170715
1.25	1.2	1.3	1.24095	0	0	0.124243	-0.124243
1.35	1.3	1.4	0.893937	0	0	0.0895315	-0.0895315
1.45	1.4	1.5	0.655128	0	0	0.0656414	-0.0656414
1.55	1.5	1.6	0.468638	0	0	0.0469869	-0.0469869
1.65	1.6	1.7	0.337772	0	0	0.0338954	-0.0338954
1.75	1.7	1.8	0.243394	0	0	0.0244537	-0.0244537
1.85	1.8	1.9	0.178562	0	0	0.0179711	-0.0179711
1.95	1.9	2	0.128057	0	0	0.0129202	-0.0129202
							
centrality	20	30	257.5	0
pt	ptlow	pthigh	inv.yield	stat +	stat -	sys +	sys -
0.325	0.3	0.35	12.3935	0	0	1.23937	-1.23937
0.375	0.35	0.4	11.2766	0	0	1.12767	-1.12767
0.425	0.4	0.45	10.0188	0	0	1.00189	-1.00189
0.475	0.45	0.5	8.82008	0	0	0.882019	-0.882019
0.525	0.5	0.55	7.86566	0	0	0.786578	-0.786578
0.575	0.55	0.6	6.7164	0	0	0.671696	-0.671696
0.625	0.6	0.65	6.03595	0	0	0.603604	-0.603604
0.675	0.65	0.7	5.13761	0	0	0.51377	-0.51377
0.725	0.7	0.75	4.62486	0	0	0.462508	-0.462508
0.775	0.75	0.8	3.6912	0	0	0.36918	-0.36918
0.45	0.4	0.5	9.22026	0	0	0.922515	-0.922515
0.55	0.5	0.6	7.14456	0	0	0.714812	-0.714812
0.65	0.6	0.7	5.40418	0	0	0.5407	-0.5407
0.75	0.7	0.8	3.9879	0	0	0.399024	-0.399024
0.85	0.8	0.9	2.88592	0	0	0.288792	-0.288792
0.95	0.9	1	2.06069	0	0	0.206244	-0.206244
1.05	1	1.1	1.51371	0	0	0.151527	-0.151527
1.15	1.1	1.2	1.09094	0	0	0.109236	-0.109236
1.25	1.2	1.3	0.806229	0	0	0.0807553	-0.0807553
1.35	1.3	1.4	0.582738	0	0	0.0583971	-0.0583971
1.45	1.4	1.5	0.422765	0	0	0.0423921	-0.0423921
1.55	1.5	1.6	0.311467	0	0	0.031256	-0.031256
1.65	1.6	1.7	0.220568	0	0	0.022162	-0.022162
1.75	1.7	1.8	0.160347	0	0	0.0161368	-0.0161368
1.85	1.8	1.9	0.116352	0	0	0.011735	-0.011735
1.95	1.9	2	0.0847071	0	0	0.00857071	-0.00857071
							
centrality	30	40	169.5	0
pt	ptlow	pthigh	inv.yield	stat +	stat -	sys +	sys -
0.325	0.3	0.35	8.53702	0	0	0.85372	-0.85372
0.375	0.35	0.4	7.76063	0	0	0.776078	-0.776078
0.425	0.4	0.45	6.80904	0	0	0.680916	-0.680916
0.475	0.45	0.5	6.07549	0	0	0.60756	-0.60756
0.525	0.5	0.55	5.39188	0	0	0.539199	-0.539199
0.575	0.55	0.6	4.5645	0	0	0.456466	-0.456466
0.625	0.6	0.65	3.99721	0	0	0.39973	-0.39973
0.675	0.65	0.7	3.18862	0	0	0.31887	-0.31887
0.725	0.7	0.75	2.74461	0	0	0.274484	-0.274484
0.775	0.75	0.8	2.3293	0	0	0.233	-0.233
0.45	0.4	0.5	6.24624	0	0	0.62504	-0.62504
0.55	0.5	0.6	4.69357	0	0	0.469659	-0.469659
0.65	0.6	0.7	3.52889	0	0	0.353128	-0.353128
0.75	0.7	0.8	2.56537	0	0	0.256735	-0.256735
0.85	0.8	0.9	1.82591	0	0	0.18276	-0.18276
0.95	0.9	1	1.28037	0	0	0.128184	-0.128184
1.05	1	1.1	0.92855	0	0	0.0929866	-0.0929866
1.15	1.1	1.2	0.67727	0	0	0.0678463	-0.0678463
1.25	1.2	1.3	0.486702	0	0	0.0487816	-0.0487816
1.35	1.3	1.4	0.35244	0	0	0.035348	-0.035348
1.45	1.4	1.5	0.259961	0	0	0.0260925	-0.0260925
1.55	1.5	1.6	0.186628	0	0	0.0187551	-0.0187551
1.65	1.6	1.7	0.134809	0	0	0.0135682	-0.0135682
1.75	1.7	1.8	0.0980992	0	0	0.00989566	-0.00989566
1.85	1.8	1.9	0.0713865	0	0	0.00722256	-0.00722256
1.95	1.9	2	0.0489668	0	0	0.00498322	-0.00498322
							
centrality	40	50	104	0
pt	ptlow	pthigh	inv.yield	stat +	stat -	sys +	sys -
0.325	0.3	0.35	5.64975	0	0	0.564992	-0.564992
0.375	0.35	0.4	5.02829	0	0	0.502843	-0.502843
0.425	0.4	0.45	4.26178	0	0	0.426189	-0.426189
0.475	0.45	0.5	3.73595	0	0	0.373604	-0.373604
0.525	0.5	0.55	3.19077	0	0	0.319085	-0.319085
0.575	0.55	0.6	2.70034	0	0	0.270084	-0.270084
0.625	0.6	0.65	2.36556	0	0	0.237143	-0.237143
0.675	0.65	0.7	1.9087	0	0	0.190878	-0.190878
0.725	0.7	0.75	1.68287	0	0	0.16831	-0.16831
0.775	0.75	0.8	1.39408	0	0	0.139462	-0.139462
0.45	0.4	0.5	3.83354	0	0	0.38375	-0.38375
0.55	0.5	0.6	2.88412	0	0	0.288699	-0.288699
0.65	0.6	0.7	2.09664	0	0	0.209892	-0.209892
0.75	0.7	0.8	1.50537	0	0	0.150725	-0.150725
0.85	0.8	0.9	1.04249	0	0	0.10441	-0.10441
0.95	0.9	1	0.733478	0	0	0.0734884	-0.0734884
1.05	1	1.1	0.532494	0	0	0.0533748	-0.0533748
1.15	1.1	1.2	0.375694	0	0	0.0376842	-0.0376842
1.25	1.2	1.3	0.277873	0	0	0.0278939	-0.0278939
1.35	1.3	1.4	0.199234	0	0	0.0200225	-0.0200225
1.45	1.4	1.5	0.143358	0	0	0.0144289	-0.0144289
1.55	1.5	1.6	0.105385	0	0	0.0106279	-0.0106279
1.65	1.6	1.7	0.074126	0	0	0.00749719	-0.00749719
1.75	1.7	1.8	0.052595	0	0	0.00534351	-0.00534351
1.85	1.8	1.9	0.0389469	0	0	0.00397666	-0.00397666
1.95	1.9	2	0.0301445	0	0	0.00309673	-0.00309673
							
centrality	50	60	59	0
pt	ptlow	pthigh	inv.yield	stat +	stat -	sys +	sys -
0.325	0.3	0.35	3.04002	0	0	0.304021	-0.304021
0.375	0.35	0.4	2.76191	0	0	0.276205	-0.276205
0.425	0.4	0.45	2.44056	0	0	0.244067	-0.244067
0.475	0.45	0.5	2.0964	0	0	0.209649	-0.209649
0.525	0.5	0.55	1.7828	0	0	0.178289	-0.178289
0.575	0.55	0.6	1.50938	0	0	0.150974	-0.150974
0.625	0.6	0.65	1.31031	0	0	0.131038	-0.131038
0.675	0.65	0.7	1.04427	0	0	0.104435	-0.104435
0.725	0.7	0.75	0.904189	0	0	0.0904423	-0.0904423
0.775	0.75	0.8	0.762277	0	0	0.0762773	-0.0762773
0.45	0.4	0.5	2.18671	0	0	0.219062	-0.219062
0.55	0.5	0.6	1.60042	0	0	0.160327	-0.160327
0.65	0.6	0.7	1.14557	0	0	0.114783	-0.114783
0.75	0.7	0.8	0.792404	0	0	0.0794269	-0.0794269
0.85	0.8	0.9	0.556992	0	0	0.0558587	-0.0558587
0.95	0.9	1	0.389892	0	0	0.0391286	-0.0391286
1.05	1	1.1	0.272582	0	0	0.0273833	-0.0273833
1.15	1.1	1.2	0.196224	0	0	0.019736	-0.019736
1.25	1.2	1.3	0.140369	0	0	0.0141432	-0.0141432
1.35	1.3	1.4	0.101545	0	0	0.0102553	-0.0102553
1.45	1.4	1.5	0.0729795	0	0	0.00739241	-0.00739241
1.55	1.5	1.6	0.0520304	0	0	0.00529307	-0.00529307
1.65	1.6	1.7	0.0369342	0	0	0.00378019	-0.00378019
1.75	1.7	1.8	0.0282138	0	0	0.00290487	-0.00290487
1.85	1.8	1.9	0.0206854	0	0	0.0021504	-0.0021504
1.95	1.9	2	0.0142736	0	0	0.00151048	-0.00151048
							
centrality	60	70	29.5	0
pt	ptlow	pthigh	inv.yield	stat +	stat -	sys +	sys -
0.325	0.3	0.35	1.55825	0	0	0.155843	-0.155843
0.375	0.35	0.4	1.38743	0	0	0.138756	-0.138756
0.425	0.4	0.45	1.17939	0	0	0.11795	-0.11795
0.475	0.45	0.5	0.986286	0	0	0.0986376	-0.0986376
0.525	0.5	0.55	0.84384	0	0	0.0843925	-0.0843925
0.575	0.55	0.6	0.721363	0	0	0.0721599	-0.0721599
0.625	0.6	0.65	0.596309	0	0	0.0596395	-0.0596395
0.675	0.65	0.7	0.494785	0	0	0.0494865	-0.0494865
0.725	0.7	0.75	0.421236	0	0	0.0421533	-0.0421533
0.775	0.75	0.8	0.356574	0	0	0.0357072	-0.0357072
0.45	0.4	0.5	1.0527	0	0	0.105636	-0.105636
0.55	0.5	0.6	0.763703	0	0	0.0766407	-0.0766407
0.65	0.6	0.7	0.550265	0	0	0.0552426	-0.0552426
0.75	0.7	0.8	0.374064	0	0	0.0375874	-0.0375874
0.85	0.8	0.9	0.266959	0	0	0.0268526	-0.0268526
0.95	0.9	1	0.18508	0	0	0.0186458	-0.0186458
1.05	1	1.1	0.129814	0	0	0.0131056	-0.0131056
1.15	1.1	1.2	0.0883381	0	0	0.00894678	-0.00894678
1.25	1.2	1.3	0.0628398	0	0	0.00638925	-0.00638925
1.35	1.3	1.4	0.0463353	0	0	0.00473161	-0.00473161
1.45	1.4	1.5	0.0320337	0	0	0.00330025	-0.00330025
1.55	1.5	1.6	0.0227367	0	0	0.00236462	-0.00236462
1.65	1.6	1.7	0.0173168	0	0	0.00182123	-0.00182123
1.75	1.7	1.8	0.0123646	0	0	0.00132276	-0.00132276
1.85	1.8	1.9	0.00823099	0	0	0.0009093	-0.0009093
1.95	1.9	2	0.00676616	0	0	0.000756419	-0.000756419
							
centrality	70	80	13	0
pt	ptlow	pthigh	inv.yield	stat +	stat -	sys +	sys -
0.325	0.3	0.35	0.695966	0	0	0.0696214	-0.0696214
0.375	0.35	0.4	0.632449	0	0	0.0632619	-0.0632619
0.425	0.4	0.45	0.543931	0	0	0.0544068	-0.0544068
0.475	0.45	0.5	0.460773	0	0	0.0460891	-0.0460891
0.525	0.5	0.55	0.378334	0	0	0.0378441	-0.0378441
0.575	0.55	0.6	0.315754	0	0	0.0316091	-0.0316091
0.625	0.6	0.65	0.270551	0	0	0.0270655	-0.0270655
0.675	0.65	0.7	0.215475	0	0	0.0215583	-0.0215583
0.725	0.7	0.75	0.17106	0	0	0.0171394	-0.0171394
0.775	0.75	0.8	0.140359	0	0	0.0141398	-0.0141398
0.45	0.4	0.5	0.484844	0	0	0.0489677	-0.0489677
0.55	0.5	0.6	0.340737	0	0	0.0344248	-0.0344248
0.65	0.6	0.7	0.236896	0	0	0.023968	-0.023968
0.75	0.7	0.8	0.156528	0	0	0.0158829	-0.0158829
0.85	0.8	0.9	0.103738	0	0	0.0105698	-0.0105698
0.95	0.9	1	0.0742035	0	0	0.00759275	-0.00759275
1.05	1	1.1	0.048208	0	0	0.00497459	-0.00497459
1.15	1.1	1.2	0.0338462	0	0	0.00352737	-0.00352737
1.25	1.2	1.3	0.0250266	0	0	0.00263284	-0.00263284
1.35	1.3	1.4	0.0163938	0	0	0.0017714	-0.0017714
1.45	1.4	1.5	0.0121052	0	0	0.00133623	-0.00133623
1.55	1.5	1.6	0.00790322	0	0	0.000913199	-0.000913199
1.65	1.6	1.7	0.00569471	0	0	0.000679423	-0.000679423
1.75	1.7	1.8	0.00388589	0	0	0.000501029	-0.000501029
1.85	1.8	1.9	0.00311075	0	0	0.000412365	-0.000412365
1.95	1.9	2	0.00187319	0	0	0.00029256	-0.00029256
