centrality	0	5	535	0
pt	ptlow	pthigh	inv.yield	stat +	stat -	sys +	sys -
0.525	0.5	0.55	5.18978	0	0	0.622774	-0.622774
0.575	0.55	0.6	4.82422	0	0	0.578907	-0.578907
0.625	0.6	0.65	4.6228	0	0	0.554737	-0.554737
0.675	0.65	0.7	4.33093	0	0	0.519712	-0.519712
0.725	0.7	0.75	4.18005	0	0	0.501606	-0.501606
0.775	0.75	0.8	3.96051	0	0	0.475262	-0.475262
0.825	0.8	0.85	3.77583	0	0	0.453101	-0.453101
0.875	0.85	0.9	3.55755	0	0	0.426906	-0.426906
0.925	0.9	0.95	3.31996	0	0	0.398396	-0.398396
0.975	0.95	1	3.10586	0	0	0.372705	-0.372705
0.55	0.5	0.6	4.97197	0	0	0.59665	-0.59665
0.65	0.6	0.7	4.50762	0	0	0.540925	-0.540925
0.75	0.7	0.8	4.1119	0	0	0.493438	-0.493438
0.85	0.8	0.9	3.67292	0	0	0.440759	-0.440759
0.95	0.9	1	3.21326	0	0	0.385598	-0.385598
1.05	1	1.1	2.75601	0	0	0.330727	-0.330727
1.15	1.1	1.2	2.31717	0	0	0.278067	-0.278067
1.25	1.2	1.3	1.90922	0	0	0.229112	-0.229112
1.35	1.3	1.4	1.53467	0	0	0.184165	-0.184165
1.45	1.4	1.5	1.21537	0	0	0.145849	-0.145849
1.55	1.5	1.6	0.945594	0	0	0.113476	-0.113476
1.65	1.6	1.7	0.726746	0	0	0.0872137	-0.0872137
1.75	1.7	1.8	0.554831	0	0	0.0665837	-0.0665837
1.85	1.8	1.9	0.420477	0	0	0.050461	-0.050461
1.95	1.9	2	0.314965	0	0	0.0377994	-0.0377994
							
centrality	5	10	466	0
pt	ptlow	pthigh	inv.yield	stat +	stat -	sys +	sys -
0.525	0.5	0.55	4.60428	0	0	0.552527	-0.552527
0.575	0.55	0.6	4.26302	0	0	0.511574	-0.511574
0.625	0.6	0.65	4.05645	0	0	0.486785	-0.486785
0.675	0.65	0.7	3.86311	0	0	0.463584	-0.463584
0.725	0.7	0.75	3.71304	0	0	0.445575	-0.445575
0.775	0.75	0.8	3.49183	0	0	0.419029	-0.419029
0.825	0.8	0.85	3.26952	0	0	0.392351	-0.392351
0.875	0.85	0.9	3.10156	0	0	0.372195	-0.372195
0.925	0.9	0.95	2.88807	0	0	0.346578	-0.346578
0.975	0.95	1	2.69924	0	0	0.323922	-0.323922
0.55	0.5	0.6	4.44781	0	0	0.533748	-0.533748
0.65	0.6	0.7	3.98973	0	0	0.478776	-0.478776
0.75	0.7	0.8	3.61381	0	0	0.433665	-0.433665
0.85	0.8	0.9	3.19844	0	0	0.38382	-0.38382
0.95	0.9	1	2.77991	0	0	0.333595	-0.333595
1.05	1	1.1	2.36547	0	0	0.283861	-0.283861
1.15	1.1	1.2	1.97824	0	0	0.237393	-0.237393
1.25	1.2	1.3	1.62651	0	0	0.195186	-0.195186
1.35	1.3	1.4	1.30387	0	0	0.156468	-0.156468
1.45	1.4	1.5	1.02835	0	0	0.123405	-0.123405
1.55	1.5	1.6	0.798098	0	0	0.0957752	-0.0957752
1.65	1.6	1.7	0.612635	0	0	0.0735196	-0.0735196
1.75	1.7	1.8	0.467622	0	0	0.0561178	-0.0561178
1.85	1.8	1.9	0.354428	0	0	0.0425343	-0.0425343
1.95	1.9	2	0.267768	0	0	0.0321351	-0.0321351
							
centrality	10	20	368.5	0
pt	ptlow	pthigh	inv.yield	stat +	stat -	sys +	sys -
0.525	0.5	0.55	3.676	0	0	0.441125	-0.441125
0.575	0.55	0.6	3.37905	0	0	0.405491	-0.405491
0.625	0.6	0.65	3.18633	0	0	0.382365	-0.382365
0.675	0.65	0.7	3.01548	0	0	0.361861	-0.361861
0.725	0.7	0.75	2.88378	0	0	0.346057	-0.346057
0.775	0.75	0.8	2.69073	0	0	0.322891	-0.322891
0.825	0.8	0.85	2.51896	0	0	0.302279	-0.302279
0.875	0.85	0.9	2.36731	0	0	0.284081	-0.284081
0.925	0.9	0.95	2.19081	0	0	0.262901	-0.262901
0.975	0.95	1	1.99406	0	0	0.239292	-0.239292
0.55	0.5	0.6	3.50538	0	0	0.42065	-0.42065
0.65	0.6	0.7	3.08601	0	0	0.370325	-0.370325
0.75	0.7	0.8	2.7726	0	0	0.332715	-0.332715
0.85	0.8	0.9	2.43158	0	0	0.291792	-0.291792
0.95	0.9	1	2.09864	0	0	0.251839	-0.251839
1.05	1	1.1	1.77488	0	0	0.212987	-0.212987
1.15	1.1	1.2	1.47587	0	0	0.177106	-0.177106
1.25	1.2	1.3	1.20274	0	0	0.144331	-0.144331
1.35	1.3	1.4	0.961409	0	0	0.115371	-0.115371
1.45	1.4	1.5	0.755902	0	0	0.0907099	-0.0907099
1.55	1.5	1.6	0.585976	0	0	0.0703186	-0.0703186
1.65	1.6	1.7	0.449271	0	0	0.053914	-0.053914
1.75	1.7	1.8	0.343019	0	0	0.0411636	-0.0411636
1.85	1.8	1.9	0.259721	0	0	0.0311677	-0.0311677
1.95	1.9	2	0.19617	0	0	0.0235416	-0.0235416
							
centrality	20	30	257.5	0
pt	ptlow	pthigh	inv.yield	stat +	stat -	sys +	sys -
0.525	0.5	0.55	2.64729	0	0	0.317679	-0.317679
0.575	0.55	0.6	2.46137	0	0	0.295369	-0.295369
0.625	0.6	0.65	2.31916	0	0	0.278304	-0.278304
0.675	0.65	0.7	2.18512	0	0	0.262218	-0.262218
0.725	0.7	0.75	2.07243	0	0	0.248696	-0.248696
0.775	0.75	0.8	1.92801	0	0	0.231364	-0.231364
0.825	0.8	0.85	1.79886	0	0	0.215866	-0.215866
0.875	0.85	0.9	1.68001	0	0	0.201604	-0.201604
0.925	0.9	0.95	1.50222	0	0	0.180269	-0.180269
0.975	0.95	1	1.40325	0	0	0.168394	-0.168394
0.55	0.5	0.6	2.52601	0	0	0.303124	-0.303124
0.65	0.6	0.7	2.23096	0	0	0.267719	-0.267719
0.75	0.7	0.8	1.98467	0	0	0.238163	-0.238163
0.85	0.8	0.9	1.71834	0	0	0.206203	-0.206203
0.95	0.9	1	1.45305	0	0	0.174368	-0.174368
1.05	1	1.1	1.21128	0	0	0.145355	-0.145355
1.15	1.1	1.2	0.992561	0	0	0.119109	-0.119109
1.25	1.2	1.3	0.797909	0	0	0.0957507	-0.0957507
1.35	1.3	1.4	0.631034	0	0	0.0757256	-0.0757256
1.45	1.4	1.5	0.491265	0	0	0.0589532	-0.0589532
1.55	1.5	1.6	0.376583	0	0	0.0451913	-0.0451913
1.65	1.6	1.7	0.287025	0	0	0.0344443	-0.0344443
1.75	1.7	1.8	0.217238	0	0	0.0260697	-0.0260697
1.85	1.8	1.9	0.163965	0	0	0.0196769	-0.0196769
1.95	1.9	2	0.123698	0	0	0.0148448	-0.0148448
							
centrality	30	40	169.5	0
pt	ptlow	pthigh	inv.yield	stat +	stat -	sys +	sys -
0.525	0.5	0.55	1.91805	0	0	0.23017	-0.23017
0.575	0.55	0.6	1.77657	0	0	0.213192	-0.213192
0.625	0.6	0.65	1.66049	0	0	0.199263	-0.199263
0.675	0.65	0.7	1.54213	0	0	0.185059	-0.185059
0.725	0.7	0.75	1.44431	0	0	0.17332	-0.17332
0.775	0.75	0.8	1.33676	0	0	0.160414	-0.160414
0.825	0.8	0.85	1.23141	0	0	0.147772	-0.147772
0.875	0.85	0.9	1.13747	0	0	0.136499	-0.136499
0.925	0.9	0.95	1.01328	0	0	0.121597	-0.121597
0.975	0.95	1	0.9398	0	0	0.112781	-0.112781
0.55	0.5	0.6	1.81942	0	0	0.218334	-0.218334
0.65	0.6	0.7	1.57927	0	0	0.189515	-0.189515
0.75	0.7	0.8	1.37488	0	0	0.164988	-0.164988
0.85	0.8	0.9	1.16421	0	0	0.139707	-0.139707
0.95	0.9	1	0.96364	0	0	0.115639	-0.115639
1.05	1	1.1	0.783681	0	0	0.0940435	-0.0940435
1.15	1.1	1.2	0.628406	0	0	0.0754104	-0.0754104
1.25	1.2	1.3	0.498297	0	0	0.0597972	-0.0597972
1.35	1.3	1.4	0.388771	0	0	0.0466539	-0.0466539
1.45	1.4	1.5	0.299008	0	0	0.0358822	-0.0358822
1.55	1.5	1.6	0.227162	0	0	0.0272607	-0.0272607
1.65	1.6	1.7	0.171012	0	0	0.0205226	-0.0205226
1.75	1.7	1.8	0.129071	0	0	0.0154896	-0.0154896
1.85	1.8	1.9	0.0970388	0	0	0.0116457	-0.0116457
1.95	1.9	2	0.0725415	0	0	0.00870595	-0.00870595
							
centrality	40	50	104	0
pt	ptlow	pthigh	inv.yield	stat +	stat -	sys +	sys -
0.525	0.5	0.55	1.32334	0	0	0.158805	-0.158805
0.575	0.55	0.6	1.22123	0	0	0.146551	-0.146551
0.625	0.6	0.65	1.12343	0	0	0.134815	-0.134815
0.675	0.65	0.7	1.02831	0	0	0.1234	-0.1234
0.725	0.7	0.75	0.950748	0	0	0.114093	-0.114093
0.775	0.75	0.8	0.865817	0	0	0.103901	-0.103901
0.825	0.8	0.85	0.790818	0	0	0.0949011	-0.0949011
0.875	0.85	0.9	0.722641	0	0	0.0867196	-0.0867196
0.925	0.9	0.95	0.634284	0	0	0.0761173	-0.0761173
0.975	0.95	1	0.585903	0	0	0.0703132	-0.0703132
0.55	0.5	0.6	1.24999	0	0	0.150002	-0.150002
0.65	0.6	0.7	1.05694	0	0	0.126836	-0.126836
0.75	0.7	0.8	0.896671	0	0	0.107603	-0.107603
0.85	0.8	0.9	0.741617	0	0	0.0889961	-0.0889961
0.95	0.9	1	0.595626	0	0	0.071477	-0.071477
1.05	1	1.1	0.473408	0	0	0.0568107	-0.0568107
1.15	1.1	1.2	0.372466	0	0	0.0446975	-0.0446975
1.25	1.2	1.3	0.290454	0	0	0.0348559	-0.0348559
1.35	1.3	1.4	0.222657	0	0	0.0267201	-0.0267201
1.45	1.4	1.5	0.169406	0	0	0.02033	-0.02033
1.55	1.5	1.6	0.126456	0	0	0.0151759	-0.0151759
1.65	1.6	1.7	0.0946015	0	0	0.0113533	-0.0113533
1.75	1.7	1.8	0.0702997	0	0	0.00843699	-0.00843699
1.85	1.8	1.9	0.0524494	0	0	0.0062949	-0.0062949
1.95	1.9	2	0.0389184	0	0	0.00467115	-0.00467115
							
centrality	50	60	59	0
pt	ptlow	pthigh	inv.yield	stat +	stat -	sys +	sys -
0.525	0.5	0.55	0.856505	0	0	0.102785	-0.102785
0.575	0.55	0.6	0.780523	0	0	0.0936669	-0.0936669
0.625	0.6	0.65	0.708557	0	0	0.0850307	-0.0850307
0.675	0.65	0.7	0.636974	0	0	0.0764405	-0.0764405
0.725	0.7	0.75	0.581036	0	0	0.0697277	-0.0697277
0.775	0.75	0.8	0.521511	0	0	0.0625845	-0.0625845
0.825	0.8	0.85	0.468826	0	0	0.0562621	-0.0562621
0.875	0.85	0.9	0.422677	0	0	0.0507239	-0.0507239
0.925	0.9	0.95	0.368078	0	0	0.0441721	-0.0441721
0.975	0.95	1	0.333626	0	0	0.0400377	-0.0400377
0.55	0.5	0.6	0.800387	0	0	0.0960497	-0.0960497
0.65	0.6	0.7	0.657458	0	0	0.0788977	-0.0788977
0.75	0.7	0.8	0.543295	0	0	0.0651977	-0.0651977
0.85	0.8	0.9	0.434801	0	0	0.0521783	-0.0521783
0.95	0.9	1	0.340009	0	0	0.0408029	-0.0408029
1.05	1	1.1	0.262992	0	0	0.0315608	-0.0315608
1.15	1.1	1.2	0.202141	0	0	0.0242585	-0.0242585
1.25	1.2	1.3	0.154565	0	0	0.0185493	-0.0185493
1.35	1.3	1.4	0.116443	0	0	0.0139745	-0.0139745
1.45	1.4	1.5	0.0869371	0	0	0.0104337	-0.0104337
1.55	1.5	1.6	0.0644243	0	0	0.0077321	-0.0077321
1.65	1.6	1.7	0.0473546	0	0	0.00568366	-0.00568366
1.75	1.7	1.8	0.0351911	0	0	0.00422399	-0.00422399
1.85	1.8	1.9	0.0259765	0	0	0.00311818	-0.00311818
1.95	1.9	2	0.0192166	0	0	0.00230695	-0.00230695
							
centrality	60	70	29.5	0
pt	ptlow	pthigh	inv.yield	stat +	stat -	sys +	sys -
0.525	0.5	0.55	0.474464	0	0	0.05694	-0.05694
0.575	0.55	0.6	0.416544	0	0	0.0499901	-0.0499901
0.625	0.6	0.65	0.377821	0	0	0.0453423	-0.0453423
0.675	0.65	0.7	0.335586	0	0	0.040274	-0.040274
0.725	0.7	0.75	0.307843	0	0	0.0369444	-0.0369444
0.775	0.75	0.8	0.271764	0	0	0.0326147	-0.0326147
0.825	0.8	0.85	0.238358	0	0	0.0286059	-0.0286059
0.875	0.85	0.9	0.20805	0	0	0.0249687	-0.0249687
0.925	0.9	0.95	0.181151	0	0	0.021741	-0.021741
0.975	0.95	1	0.156688	0	0	0.018806	-0.018806
0.55	0.5	0.6	0.44966	0	0	0.0539624	-0.0539624
0.65	0.6	0.7	0.359042	0	0	0.0430877	-0.0430877
0.75	0.7	0.8	0.284825	0	0	0.0341813	-0.0341813
0.85	0.8	0.9	0.222267	0	0	0.0266741	-0.0266741
0.95	0.9	1	0.168285	0	0	0.020196	-0.020196
1.05	1	1.1	0.125923	0	0	0.0151124	-0.0151124
1.15	1.1	1.2	0.0946063	0	0	0.0113543	-0.0113543
1.25	1.2	1.3	0.0709304	0	0	0.00851306	-0.00851306
1.35	1.3	1.4	0.0525487	0	0	0.00630715	-0.00630715
1.45	1.4	1.5	0.0386159	0	0	0.00463513	-0.00463513
1.55	1.5	1.6	0.0280455	0	0	0.00336661	-0.00336661
1.65	1.6	1.7	0.0204843	0	0	0.00245919	-0.00245919
1.75	1.7	1.8	0.0149562	0	0	0.00179576	-0.00179576
1.85	1.8	1.9	0.0108888	0	0	0.00130762	-0.00130762
1.95	1.9	2	0.00807736	0	0	0.000970203	-0.000970203
							
centrality	70	80	13	0
pt	ptlow	pthigh	inv.yield	stat +	stat -	sys +	sys -
0.525	0.5	0.55	0.240297	0	0	0.0288414	-0.0288414
0.575	0.55	0.6	0.212133	0	0	0.0254613	-0.0254613
0.625	0.6	0.65	0.185206	0	0	0.0222295	-0.0222295
0.675	0.65	0.7	0.161217	0	0	0.0193504	-0.0193504
0.725	0.7	0.75	0.14145	0	0	0.0169781	-0.0169781
0.775	0.75	0.8	0.122588	0	0	0.0147144	-0.0147144
0.825	0.8	0.85	0.106493	0	0	0.0127829	-0.0127829
0.875	0.85	0.9	0.0922284	0	0	0.0110708	-0.0110708
0.925	0.9	0.95	0.0766693	0	0	0.00920397	-0.00920397
0.975	0.95	1	0.0655714	0	0	0.00787298	-0.00787298
0.55	0.5	0.6	0.220173	0	0	0.0264249	-0.0264249
0.65	0.6	0.7	0.1692	0	0	0.0203073	-0.0203073
0.75	0.7	0.8	0.129507	0	0	0.0155438	-0.0155438
0.85	0.8	0.9	0.0982183	0	0	0.0117888	-0.0117888
0.95	0.9	1	0.0714295	0	0	0.00857388	-0.00857388
1.05	1	1.1	0.052028	0	0	0.00624549	-0.00624549
1.15	1.1	1.2	0.0380288	0	0	0.0045654	-0.0045654
1.25	1.2	1.3	0.0273036	0	0	0.00327824	-0.00327824
1.35	1.3	1.4	0.020052	0	0	0.00240792	-0.00240792
1.45	1.4	1.5	0.0144781	0	0	0.00173893	-0.00173893
1.55	1.5	1.6	0.0103728	0	0	0.00124621	-0.00124621
1.65	1.6	1.7	0.00749723	0	0	0.000901045	-0.000901045
1.75	1.7	1.8	0.00538553	0	0	0.000647566	-0.000647566
1.85	1.8	1.9	0.00390246	0	0	0.000469537	-0.000469537
1.95	1.9	2	0.00288825	0	0	0.00034778	-0.00034778
