centrality	0	100 4.0 0.5
pt	ptlow	pthigh	inv.yield	stat +	stat -	sys +	sys -
1.25	1	1.5	0.01409	1.92E-05	-1.92E-05	0.001268	-0.001268
1.75	1.5	2	0.002306	4.27E-06	-4.27E-06	0.0002145	-0.0002145
2.25	2	2.5	0.0005353	1.54E-06	-1.54E-06	5.03E-05	-5.03E-05
2.75	2.5	3	0.000145	6.61E-07	-6.61E-07	1.38E-05	-1.38E-05
3.25	3	3.5	4.49E-05	3.20E-07	-3.20E-07	4.31E-06	-4.31E-06
3.75	3.5	4	1.52E-05	1.68E-07	-1.68E-07	1.46E-06	-1.46E-06
4.25	4	4.5	5.60E-06	9.15E-08	-9.15E-08	5.43E-07	-5.43E-07
4.75	4.5	5	2.28E-06	5.63E-08	-5.63E-08	2.21E-07	-2.21E-07
5.25	5	5.5	1.00E-06	3.50E-08	-3.50E-08	9.82E-08	-9.82E-08
5.75	5.5	6	4.76E-07	1.65E-09	-1.65E-09	4.66E-08	-4.66E-08
6.25	6	6.5	2.45E-07	1.13E-09	-1.13E-09	2.42E-08	-2.42E-08
6.75	6.5	7	1.29E-07	7.83E-10	-7.83E-10	1.27E-08	-1.27E-08
7.25	7	7.5	7.29E-08	5.61E-10	-5.61E-10	7.22E-09	-7.22E-09
7.75	7.5	8	4.24E-08	4.09E-10	-4.09E-10	4.20E-09	-4.20E-09
8.25	8	8.5	2.53E-08	3.03E-10	-3.03E-10	2.50E-09	-2.50E-09
8.75	8.5	9	1.55E-08	2.21E-10	-2.21E-10	1.53E-09	-1.53E-09
9.25	9	9.5	9.76E-09	1.70E-10	-1.70E-10	9.66E-10	-9.66E-10
9.75	9.5	10	6.27E-09	1.37E-10	-1.37E-10	6.21E-10	-6.21E-10
11	10	12	2.48E-09	3.82E-11	-3.82E-11	2.45E-10	-2.45E-10
13	12	14	6.46E-10	1.29E-11	-1.29E-11	6.64E-11	-6.64E-11
15	14	16	1.87E-10	7.27E-12	-7.27E-12	2.13E-11	-2.13E-11
17	16	18	6.04E-11	4.64E-12	-4.64E-12	7.46E-12	-7.46E-12
19	18	20	2.10E-11	3.06E-12	-3.06E-12	2.84E-12	-2.84E-12
21	20	22	7.66E-12	3.11E-12	-3.11E-12	1.09E-12	-1.09E-12
23.5	22	25	0	0	0	0	0
							
centrality	0	5   5.5 0.8
pt	ptlow	pthigh	inv.yield	stat +	stat -	sys +	sys -
1.25	1	1.5	0.02848	1.97E-05	-1.97E-05	0.002563	-0.002563
1.75	1.5	2	0.004769	4.22E-06	-4.22E-06	0.0004561	-0.0004561
2.25	2	2.5	0.001116	1.49E-06	-1.49E-06	0.0001078	-0.0001078
2.75	2.5	3	0.0003023	6.33E-07	-6.33E-07	2.95E-05	-2.95E-05
3.25	3	3.5	9.21E-05	3.01E-07	-3.01E-07	9.08E-06	-9.08E-06
3.75	3.5	4	3.10E-05	1.57E-07	-1.57E-07	3.06E-06	-3.06E-06
4.25	4	4.5	1.15E-05	8.78E-08	-8.78E-08	1.14E-06	-1.14E-06
4.75	4.5	5	4.53E-06	5.13E-08	-5.13E-08	4.51E-07	-4.51E-07
5.25	5	5.5	2.04E-06	3.22E-08	-3.22E-08	2.05E-07	-2.05E-07
5.75	5.5	6	8.90E-07	2.02E-08	-2.02E-08	8.94E-08	-8.94E-08
6.25	6	6.5	4.48E-07	1.38E-08	-1.38E-08	4.55E-08	-4.55E-08
6.75	6.5	7	2.19E-07	9.36E-09	-9.36E-09	2.22E-08	-2.22E-08
7.25	7	7.5	1.24E-07	6.61E-09	-6.61E-09	1.26E-08	-1.26E-08
7.75	7.5	8	7.03E-08	4.70E-09	-4.70E-09	7.13E-09	-7.13E-09
8.25	8	8.5	4.06E-08	3.53E-09	-3.53E-09	4.12E-09	-4.12E-09
8.75	8.5	9	2.53E-08	2.60E-09	-2.60E-09	2.57E-09	-2.57E-09
9.25	9	9.5	1.31E-08	1.78E-09	-1.78E-09	1.29E-09	-1.29E-09
9.75	9.5	10	1.19E-08	1.69E-09	-1.69E-09	1.18E-09	-1.18E-09
11	10	12	0	0	0	0	0
13	12	14	0	0	0	0	0
15	14	16	0	0	0	0	0
17	16	18	0	0	0	0	0
19	18	20	0	0	0	0	0
21	20	22	0	0	0	0	0
23.5	22	25	0	0	0	0	0
							
centrality	0	20  5.1 0.7
pt	ptlow	pthigh	inv.yield	stat +	stat -	sys +	sys -
1.25	1	1.5	0.02207	4.65E-05	-4.65E-05	0.001986	-0.001986
1.75	1.5	2	0.003686	1.02E-05	-1.02E-05	0.0003428	-0.0003428
2.25	2	2.5	0.000852	3.65E-06	-3.65E-06	8.01E-05	-8.01E-05
2.75	2.5	3	0.0002329	1.57E-06	-1.57E-06	2.21E-05	-2.21E-05
3.25	3	3.5	7.17E-05	7.50E-07	-7.50E-07	6.89E-06	-6.89E-06
3.75	3.5	4	2.40E-05	3.91E-07	-3.91E-07	2.30E-06	-2.30E-06
4.25	4	4.5	8.88E-06	2.13E-07	-2.13E-07	8.61E-07	-8.61E-07
4.75	4.5	5	3.62E-06	1.31E-07	-1.31E-07	3.51E-07	-3.51E-07
5.25	5	5.5	1.58E-06	8.26E-08	-8.26E-08	1.55E-07	-1.55E-07
5.75	5.5	6	7.65E-07	4.02E-09	-4.02E-09	7.50E-08	-7.50E-08
6.25	6	6.5	3.88E-07	2.72E-09	-2.72E-09	3.85E-08	-3.85E-08
6.75	6.5	7	2.03E-07	1.88E-09	-1.88E-09	2.01E-08	-2.01E-08
7.25	7	7.5	1.12E-07	1.33E-09	-1.33E-09	1.11E-08	-1.11E-08
7.75	7.5	8	6.47E-08	9.71E-10	-9.71E-10	6.41E-09	-6.41E-09
8.25	8	8.5	3.84E-08	7.16E-10	-7.16E-10	3.80E-09	-3.80E-09
8.75	8.5	9	2.37E-08	5.39E-10	-5.39E-10	2.34E-09	-2.34E-09
9.25	9	9.5	1.48E-08	4.13E-10	-4.13E-10	1.46E-09	-1.46E-09
9.75	9.5	10	9.35E-09	3.18E-10	-3.18E-10	9.26E-10	-9.26E-10
11	10	12	3.61E-09	8.86E-11	-8.86E-11	3.57E-10	-3.57E-10
13	12	14	9.30E-10	3.14E-11	-3.14E-11	9.56E-11	-9.56E-11
15	14	16	2.61E-10	1.75E-11	-1.75E-11	2.97E-11	-2.97E-11
17	16	18	8.25E-11	1.07E-11	-1.07E-11	1.02E-11	-1.02E-11
19	18	20	3.14E-11	8.86E-12	-8.86E-12	4.25E-12	-4.25E-12
21	20	22	1.40E-11	5.82E-12	-5.82E-12	2.00E-12	-2.00E-12
23.5	22	25	0	0	0	0	0
							
centrality	20	40  4.0 0.6
pt	ptlow	pthigh	inv.yield	stat +	stat -	sys +	sys -
1.25	1	1.5	0.01587	4.00E-05	-4.00E-05	0.001428	-0.001428
1.75	1.5	2	0.002584	8.97E-06	-8.97E-06	0.0002403	-0.0002403
2.25	2	2.5	0.0006102	3.27E-06	-3.27E-06	5.74E-05	-5.74E-05
2.75	2.5	3	0.0001615	1.39E-06	-1.39E-06	1.53E-05	-1.53E-05
3.25	3	3.5	5.06E-05	6.81E-07	-6.81E-07	4.86E-06	-4.86E-06
3.75	3.5	4	1.68E-05	3.56E-07	-3.56E-07	1.61E-06	-1.61E-06
4.25	4	4.5	6.24E-06	1.92E-07	-1.92E-07	6.05E-07	-6.05E-07
4.75	4.5	5	2.62E-06	1.23E-07	-1.23E-07	2.54E-07	-2.54E-07
5.25	5	5.5	1.10E-06	7.69E-08	-7.69E-08	1.08E-07	-1.08E-07
5.75	5.5	6	5.49E-07	3.59E-09	-3.59E-09	5.38E-08	-5.38E-08
6.25	6	6.5	2.83E-07	2.44E-09	-2.44E-09	2.80E-08	-2.80E-08
6.75	6.5	7	1.49E-07	1.70E-09	-1.70E-09	1.48E-08	-1.48E-08
7.25	7	7.5	8.45E-08	1.22E-09	-1.22E-09	8.36E-09	-8.36E-09
7.75	7.5	8	5.09E-08	9.30E-10	-9.30E-10	5.04E-09	-5.04E-09
8.25	8	8.5	2.99E-08	6.83E-10	-6.83E-10	2.96E-09	-2.96E-09
8.75	8.5	9	1.89E-08	5.07E-10	-5.07E-10	1.87E-09	-1.87E-09
9.25	9	9.5	1.18E-08	3.90E-10	-3.90E-10	1.17E-09	-1.17E-09
9.75	9.5	10	7.77E-09	3.13E-10	-3.13E-10	7.69E-10	-7.69E-10
11	10	12	3.00E-09	8.75E-11	-8.75E-11	2.97E-10	-2.97E-10
13	12	14	7.60E-10	2.79E-11	-2.79E-11	7.81E-11	-7.81E-11
15	14	16	2.29E-10	1.65E-11	-1.65E-11	2.60E-11	-2.60E-11
17	16	18	7.03E-11	1.00E-11	-1.00E-11	8.68E-12	-8.68E-12
19	18	20	3.24E-11	6.70E-12	-6.70E-12	4.39E-12	-4.39E-12
21	20	22	0	0	0	0	0
23.5	22	25	0	0	0	0	0
							
centrality	40	60  3.3 0.3
pt	ptlow	pthigh	inv.yield	stat +	stat -	sys +	sys -
1.25	1	1.5	0.01213	3.60E-05	-3.60E-05	0.001092	-0.001092
1.75	1.5	2	0.00195	8.13E-06	-8.13E-06	0.0001813	-0.0001813
2.25	2	2.5	0.0004498	2.96E-06	-2.96E-06	4.23E-05	-4.23E-05
2.75	2.5	3	0.0001247	1.30E-06	-1.30E-06	1.18E-05	-1.18E-05
3.25	3	3.5	3.89E-05	6.61E-07	-6.61E-07	3.74E-06	-3.74E-06
3.75	3.5	4	1.32E-05	3.33E-07	-3.33E-07	1.27E-06	-1.27E-06
4.25	4	4.5	4.71E-06	1.84E-07	-1.84E-07	4.57E-07	-4.57E-07
4.75	4.5	5	2.00E-06	1.21E-07	-1.21E-07	1.94E-07	-1.94E-07
5.25	5	5.5	8.90E-07	7.24E-08	-7.24E-08	8.72E-08	-8.72E-08
5.75	5.5	6	4.23E-07	3.30E-09	-3.30E-09	4.15E-08	-4.15E-08
6.25	6	6.5	2.20E-07	2.26E-09	-2.26E-09	2.17E-08	-2.17E-08
6.75	6.5	7	1.15E-07	1.58E-09	-1.58E-09	1.14E-08	-1.14E-08
7.25	7	7.5	6.58E-08	1.09E-09	-1.09E-09	6.52E-09	-6.52E-09
7.75	7.5	8	3.85E-08	8.07E-10	-8.07E-10	3.81E-09	-3.81E-09
8.25	8	8.5	2.27E-08	5.91E-10	-5.91E-10	2.25E-09	-2.25E-09
8.75	8.5	9	1.46E-08	4.40E-10	-4.40E-10	1.44E-09	-1.44E-09
9.25	9	9.5	9.00E-09	3.42E-10	-3.42E-10	8.91E-10	-8.91E-10
9.75	9.5	10	5.89E-09	2.94E-10	-2.94E-10	5.83E-10	-5.83E-10
11	10	12	2.33E-09	7.66E-11	-7.66E-11	2.31E-10	-2.31E-10
13	12	14	6.09E-10	2.47E-11	-2.47E-11	6.25E-11	-6.25E-11
15	14	16	1.78E-10	1.50E-11	-1.50E-11	2.02E-11	-2.02E-11
17	16	18	6.06E-11	8.52E-12	-8.52E-12	7.48E-12	-7.48E-12
19	18	20	1.70E-11	6.10E-12	-6.10E-12	2.31E-12	-2.31E-12
21	20	22	8.11E-12	3.68E-12	-3.68E-12	1.15E-12	-1.15E-12
23.5	22	25	0	0	0	0	0
							
centrality	60	72  2.7 0.1
pt	ptlow	pthigh	inv.yield	stat +	stat -	sys +	sys -
1.25	1	1.5	0.01002	4.52E-05	-4.52E-05	0.0009017	-0.0009017
1.75	1.5	2	0.001549	1.02E-05	-1.02E-05	0.0001441	-0.0001441
2.25	2	2.5	0.0003497	3.72E-06	-3.72E-06	3.29E-05	-3.29E-05
2.75	2.5	3	9.14E-05	1.59E-06	-1.59E-06	8.69E-06	-8.69E-06
3.25	3	3.5	2.89E-05	7.83E-07	-7.83E-07	2.78E-06	-2.78E-06
3.75	3.5	4	9.76E-06	3.93E-07	-3.93E-07	9.37E-07	-9.37E-07
4.25	4	4.5	3.62E-06	2.37E-07	-2.37E-07	3.51E-07	-3.51E-07
4.75	4.5	5	1.46E-06	1.49E-07	-1.49E-07	1.41E-07	-1.41E-07
5.25	5	5.5	6.65E-07	9.41E-08	-9.41E-08	6.51E-08	-6.51E-08
5.75	5.5	6	3.20E-07	3.97E-09	-3.97E-09	3.14E-08	-3.14E-08
6.25	6	6.5	1.63E-07	2.65E-09	-2.65E-09	1.62E-08	-1.62E-08
6.75	6.5	7	8.54E-08	1.83E-09	-1.83E-09	8.46E-09	-8.46E-09
7.25	7	7.5	5.05E-08	1.35E-09	-1.35E-09	5.00E-09	-5.00E-09
7.75	7.5	8	3.02E-08	9.71E-10	-9.71E-10	2.99E-09	-2.99E-09
8.25	8	8.5	1.84E-08	7.67E-10	-7.67E-10	1.82E-09	-1.82E-09
8.75	8.5	9	1.12E-08	5.64E-10	-5.64E-10	1.10E-09	-1.10E-09
9.25	9	9.5	6.90E-09	4.20E-10	-4.20E-10	6.83E-10	-6.83E-10
9.75	9.5	10	4.51E-09	3.40E-10	-3.40E-10	4.47E-10	-4.47E-10
11	10	12	1.76E-09	9.45E-11	-9.45E-11	1.74E-10	-1.74E-10
13	12	14	4.77E-10	3.03E-11	-3.03E-11	4.90E-11	-4.90E-11
15	14	16	1.59E-10	1.70E-11	-1.70E-11	1.80E-11	-1.80E-11
17	16	18	4.31E-11	8.58E-12	-8.58E-12	5.32E-12	-5.32E-12
19	18	20	0	0	0	0	0
21	20	22	0	0	0	0	0
23.5	22	25	0	0	0	0	0
