centrality	0	10	623.9	32.2					
pt	ptlow	pthigh	inv.yield	stat +	stat -	sys +	sys -
0.55	0.5	0.6	1.63184	0.0349439	-0.0349439	0.163184	-0.163184
0.65	0.6	0.7	1.74341	0.0310593	-0.0310593	0.174341	-0.174341
0.75	0.7	0.8	1.69021	0.0272871	-0.0272871	0.169021	-0.169021
0.85	0.8	0.9	1.48112	0.0223482	-0.0223482	0.148112	-0.148112
0.95	0.9	1	1.30446	0.0190199	-0.0190199	0.130446	-0.130446
1.05	1	1.1	1.06669	0.0137462	-0.0137462	0.106669	-0.106669
1.15	1.1	1.2	0.921812	0.0118273	-0.0118273	0.0921812	-0.0921812
1.25	1.2	1.3	0.721632	0.00891787	-0.00891787	0.0721632	-0.0721632
1.35	1.3	1.4	0.588206	0.00723553	-0.00723553	0.0588206	-0.0588206
1.45	1.4	1.5	0.4759	0.00579899	-0.00579899	0.04759	-0.04759
1.55	1.5	1.6	0.363244	0.00434768	-0.00434768	0.0363244	-0.0363244
1.65	1.6	1.7	0.282035	0.00333664	-0.00333664	0.0282035	-0.0282035
1.75	1.7	1.8	0.219094	0.00258801	-0.00258801	0.0219094	-0.0219094
1.85	1.8	1.9	0.168801	0.00197563	-0.00197563	0.0168801	-0.0168801
1.95	1.9	2	0.129202	0.00151412	-0.00151412	0.0129202	-0.0129202
2.1	2	2.2	0.0876263	0.00073131	-0.00073131	0.00876263	-0.00876263
2.3	2.2	2.4	0.0489615	0.000406502	-0.000406502	0.00489615	-0.00489615
2.5	2.4	2.6	0.0282302	0.000236479	-0.000236479	0.00282302	-0.00282302
2.7	2.6	2.8	0.0160799	0.000136159	-0.000136159	0.00160799	-0.00160799
2.9	2.8	3	0.00942618	8.24E-05	-8.24E-05	0.000942618	-0.000942618
3.25	3	3.5	0.00386689	2.41E-05	-2.41E-05	0.000425358	-0.000425358
3.75	3.5	4	0.00110722	8.61E-06	-8.61E-06	0.000121794	-0.000121794
4.25	4	4.5	0.000357642	3.98E-06	-3.98E-06	3.93E-05	-3.93E-05
4.75	4.5	5	0.000140161	2.42E-06	-2.42E-06	1.54E-05	-1.54E-05
5.25	5	5.5	4.68E-05	2.22E-06	-2.22E-06	6.55E-06	-6.55E-06
5.75	5.5	6	2.16E-05	1.65E-06	-1.65E-06	3.03E-06	-3.03E-06
							
centrality	10	20	414.2	20.2					
pt	ptlow	pthigh	inv.yield	stat +	stat -	sys +	sys -
0.55	0.5	0.6	1.10908	0.0242718	-0.0242718	0.110908	-0.110908
0.65	0.6	0.7	1.20648	0.0218636	-0.0218636	0.120648	-0.120648
0.75	0.7	0.8	1.16683	0.0191652	-0.0191652	0.116683	-0.116683
0.85	0.8	0.9	1.01356	0.0155523	-0.0155523	0.101356	-0.101356
0.95	0.9	1	0.89753	0.0133114	-0.0133114	0.089753	-0.089753
1.05	1	1.1	0.726942	0.00937875	-0.00937875	0.0726942	-0.0726942
1.15	1.1	1.2	0.627666	0.00805924	-0.00805924	0.0627666	-0.0627666
1.25	1.2	1.3	0.489695	0.00605806	-0.00605806	0.0489695	-0.0489695
1.35	1.3	1.4	0.397792	0.00489971	-0.00489971	0.0397792	-0.0397792
1.45	1.4	1.5	0.320996	0.00391727	-0.00391727	0.0320996	-0.0320996
1.55	1.5	1.6	0.244847	0.00293498	-0.00293498	0.0244847	-0.0244847
1.65	1.6	1.7	0.190229	0.00225474	-0.00225474	0.0190229	-0.0190229
1.75	1.7	1.8	0.147839	0.00174992	-0.00174992	0.0147839	-0.0147839
1.85	1.8	1.9	0.113552	0.00133191	-0.00133191	0.0113552	-0.0113552
1.95	1.9	2	0.0876179	0.00102973	-0.00102973	0.00876179	-0.00876179
2.1	2	2.2	0.0592483	0.00049628	-0.00049628	0.00592483	-0.00592483
2.3	2.2	2.4	0.033494	0.000279391	-0.000279391	0.0033494	-0.0033494
2.5	2.4	2.6	0.0193803	0.000163368	-0.000163368	0.00193803	-0.00193803
2.7	2.6	2.8	0.0111538	9.55E-05	-9.55E-05	0.00111538	-0.00111538
2.9	2.8	3	0.00657361	5.84E-05	-5.84E-05	0.000657361	-0.000657361
3.25	3	3.5	0.00273714	1.74E-05	-1.74E-05	0.000301085	-0.000301085
3.75	3.5	4	0.000801142	6.46E-06	-6.46E-06	8.81E-05	-8.81E-05
4.25	4	4.5	0.000267722	3.10E-06	-3.10E-06	2.94E-05	-2.94E-05
4.75	4.5	5	0.000103858	1.88E-06	-1.88E-06	1.14E-05	-1.14E-05
5.25	5	5.5	3.51E-05	1.76E-06	-1.76E-06	4.91E-06	-4.91E-06
5.75	5.5	6	1.53E-05	1.25E-06	-1.25E-06	2.14E-06	-2.14E-06
							
centrality	20	40  225.4   26.6					
pt	ptlow	pthigh	inv.yield	stat +	stat -	sys +	sys -
0.55	0.5	0.6	0.6437	0.0105972	-0.0105972	0.06437	-0.06437
0.65	0.6	0.7	0.694268	0.00940047	-0.00940047	0.0694268	-0.0694268
0.75	0.7	0.8	0.676772	0.00828522	-0.00828522	0.0676772	-0.0676772
0.85	0.8	0.9	0.580195	0.00666079	-0.00666079	0.0580195	-0.0580195
0.95	0.9	1	0.500509	0.00558042	-0.00558042	0.0500509	-0.0500509
1.05	1	1.1	0.405246	0.00377749	-0.00377749	0.0405246	-0.0405246
1.15	1.1	1.2	0.344781	0.00320228	-0.00320228	0.0344781	-0.0344781
1.25	1.2	1.3	0.265179	0.00237532	-0.00237532	0.0265179	-0.0265179
1.35	1.3	1.4	0.213684	0.00190809	-0.00190809	0.0213684	-0.0213684
1.45	1.4	1.5	0.170998	0.00151517	-0.00151517	0.0170998	-0.0170998
1.55	1.5	1.6	0.129528	0.00112879	-0.00112879	0.0129528	-0.0129528
1.65	1.6	1.7	0.100132	0.000863593	-0.000863593	0.0100132	-0.0100132
1.75	1.7	1.8	0.0772934	0.000667207	-0.000667207	0.00772934	-0.00772934
1.85	1.8	1.9	0.0592756	0.000507475	-0.000507475	0.00592756	-0.00592756
1.95	1.9	2	0.0453499	0.00039029	-0.00039029	0.00453499	-0.00453499
2.1	2	2.2	0.0307845	0.000188945	-0.000188945	0.00307845	-0.00307845
2.3	2.2	2.4	0.0174221	0.000107	-0.000107	0.00174221	-0.00174221
2.5	2.4	2.6	0.0101265	6.34E-05	-6.34E-05	0.00101265	-0.00101265
2.7	2.6	2.8	0.0058408	3.75E-05	-3.75E-05	0.00058408	-0.00058408
2.9	2.8	3	0.00351179	2.37E-05	-2.37E-05	0.000351179	-0.000351179
3.25	3	3.5	0.00147722	7.30E-06	-7.30E-06	0.000162494	-0.000162494
3.75	3.5	4	0.000444425	2.91E-06	-2.91E-06	4.89E-05	-4.89E-05
4.25	4	4.5	0.000152222	1.47E-06	-1.47E-06	1.67E-05	-1.67E-05
4.75	4.5	5	5.88E-05	9.05E-07	-9.05E-07	6.47E-06	-6.47E-06
5.25	5	5.5	2.05E-05	8.66E-07	-8.66E-07	2.87E-06	-2.87E-06
5.75	5.5	6	1.07E-05	6.83E-07	-6.83E-07	1.50E-06	-1.50E-06
							
centrality	40	60  85.5    16.3					
pt	ptlow	pthigh	inv.yield	stat +	stat -	sys +	sys -
0.55	0.5	0.6	0.294021	0.00547273	-0.00547273	0.0294021	-0.0294021
0.65	0.6	0.7	0.30202	0.0046183	-0.0046183	0.030202	-0.030202
0.75	0.7	0.8	0.287475	0.00396406	-0.00396406	0.0287475	-0.0287475
0.85	0.8	0.9	0.238732	0.00312675	-0.00312675	0.0238732	-0.0238732
0.95	0.9	1	0.199082	0.00256983	-0.00256983	0.0199082	-0.0199082
1.05	1	1.1	0.154809	0.00147201	-0.00147201	0.0154809	-0.0154809
1.15	1.1	1.2	0.127419	0.00120999	-0.00120999	0.0127419	-0.0127419
1.25	1.2	1.3	0.0955449	0.000877789	-0.000877789	0.00955449	-0.00955449
1.35	1.3	1.4	0.07502	0.000688645	-0.000688645	0.007502	-0.007502
1.45	1.4	1.5	0.0587011	0.000535959	-0.000535959	0.00587011	-0.00587011
1.55	1.5	1.6	0.0435553	0.000392611	-0.000392611	0.00435553	-0.00435553
1.65	1.6	1.7	0.0331966	0.000297003	-0.000297003	0.00331966	-0.00331966
1.75	1.7	1.8	0.0252567	0.000227013	-0.000227013	0.00252567	-0.00252567
1.85	1.8	1.9	0.0191996	0.000171891	-0.000171891	0.00191996	-0.00191996
1.95	1.9	2	0.0145445	0.000131472	-0.000131472	0.00145445	-0.00145445
2.1	2	2.2	0.00977547	6.38E-05	-6.38E-05	0.000977547	-0.000977547
2.3	2.2	2.4	0.00547427	3.66E-05	-3.66E-05	0.000547427	-0.000547427
2.5	2.4	2.6	0.00320085	2.24E-05	-2.24E-05	0.000320085	-0.000320085
2.7	2.6	2.8	0.00183531	1.37E-05	-1.37E-05	0.000183531	-0.000183531
2.9	2.8	3	0.00111161	9.10E-06	-9.10E-06	0.000111161	-0.000111161
3.25	3	3.5	0.000480764	3.10E-06	-3.10E-06	5.29E-05	-5.29E-05
3.75	3.5	4	0.000151021	1.41E-06	-1.41E-06	1.66E-05	-1.66E-05
4.25	4	4.5	5.38E-05	7.77E-07	-7.77E-07	5.91E-06	-5.91E-06
4.75	4.5	5	2.13E-05	4.97E-07	-4.97E-07	2.34E-06	-2.34E-06
5.25	5	5.5	6.92E-06	4.63E-07	-4.63E-07	9.69E-07	-9.69E-07
5.75	5.5	6	4.52E-06	4.09E-07	-4.09E-07	6.33E-07	-6.33E-07
							
centrality	60	92  18.3   6.7					
pt	ptlow	pthigh	inv.yield	stat +	stat -	sys +	sys -
0.55	0.5	0.6	0.0730705	0.0016972	-0.0016972	0.00730705	-0.00730705
0.65	0.6	0.7	0.0788407	0.00145937	-0.00145937	0.00788407	-0.00788407
0.75	0.7	0.8	0.0673456	0.00116025	-0.00116025	0.00673456	-0.00673456
0.85	0.8	0.9	0.0503658	0.000865653	-0.000865653	0.00503658	-0.00503658
0.95	0.9	1	0.0402463	0.000704407	-0.000704407	0.00402463	-0.00402463
1.05	1	1.1	0.0296273	0.000273138	-0.000273138	0.00296273	-0.00296273
1.15	1.1	1.2	0.0234125	0.000217677	-0.000217677	0.00234125	-0.00234125
1.25	1.2	1.3	0.0167995	0.000152346	-0.000152346	0.00167995	-0.00167995
1.35	1.3	1.4	0.012646	0.000115946	-0.000115946	0.0012646	-0.0012646
1.45	1.4	1.5	0.00955557	8.80E-05	-8.80E-05	0.000955557	-0.000955557
1.55	1.5	1.6	0.00692775	6.39E-05	-6.39E-05	0.000692775	-0.000692775
1.65	1.6	1.7	0.00514681	4.78E-05	-4.78E-05	0.000514681	-0.000514681
1.75	1.7	1.8	0.0038317	3.64E-05	-3.64E-05	0.00038317	-0.00038317
1.85	1.8	1.9	0.00288512	2.79E-05	-2.79E-05	0.000288512	-0.000288512
1.95	1.9	2	0.00216627	2.17E-05	-2.17E-05	0.000216627	-0.000216627
2.1	2	2.2	0.00142063	1.07E-05	-1.07E-05	0.000142063	-0.000142063
2.3	2.2	2.4	0.000786575	6.54E-06	-6.54E-06	7.87E-05	-7.87E-05
2.5	2.4	2.6	0.000454089	4.30E-06	-4.30E-06	4.54E-05	-4.54E-05
2.7	2.6	2.8	0.000264877	2.92E-06	-2.92E-06	2.65E-05	-2.65E-05
2.9	2.8	3	0.000157874	2.07E-06	-2.07E-06	1.58E-05	-1.58E-05
3.25	3	3.5	6.97E-05	7.83E-07	-7.83E-07	7.67E-06	-7.67E-06
3.75	3.5	4	2.33E-05	4.07E-07	-4.07E-07	2.56E-06	-2.56E-06
4.25	4	4.5	8.68E-06	2.38E-07	-2.38E-07	9.55E-07	-9.55E-07
4.75	4.5	5	3.96E-06	1.67E-07	-1.67E-07	4.36E-07	-4.36E-07
5.25	5	5.5	1.41E-06	1.64E-07	-1.64E-07	1.97E-07	-1.97E-07
5.75	5.5	6	7.44E-07	1.30E-07	-1.30E-07	1.04E-07	-1.04E-07
