centrality	0	10  310.75   32.91
pt	ptlow	pthigh	inv.yield	stat+	stat-	sys+	sys-
1.25	1	1.5	1.557483	0.0476546	-0.0476546	0.112257406	-0.112257406
1.75	1.5	2	0.2721961	0.006336102	-0.006336102	0.020530775	-0.020530775
2.25	2	2.5	0.05213248	0.001057716	-0.001057716	0.004150589	-0.004150589
2.75	2.5	3	0.01219638	0.000230075	-0.000230075	0.000970148	-0.000970148
3.25	3	3.5	0.003374237	6.04E-05	-6.04E-05	0.000286849	-0.000286849
3.75	3.5	4	0.001033913	1.80E-05	-1.80E-05	9.42909E-05	-9.42909E-05
4.25	4	4.5	0.000362278	6.19E-06	-6.19E-06	3.30581E-05	-3.30581E-05
4.75	4.5	5	0.000142992	2.40E-06	-2.40E-06	1.30406E-05	-1.30406E-05
5.25	5	5.5	6.67E-05	1.10E-06	-1.10E-06	6.54005E-06	-6.54005E-06
5.75	5.5	6	3.18E-05	5.28E-07	-5.28E-07	3.12498E-06	-3.12498E-06
6.25	6	6.5	1.59E-05	2.77E-07	-2.77E-07	1.55479E-06	-1.55479E-06
6.75	6.5	7	8.47E-06	1.59E-07	-1.59E-07	8.3126E-07	-8.3126E-07
7.25	7	7.5	4.87E-06	9.72E-08	-9.72E-08	4.78462E-07	-4.78462E-07
7.75	7.5	8	2.79E-06	6.12E-08	-6.12E-08	2.73585E-07	-2.73585E-07
8.25	8	8.5	1.75E-06	3.85E-08	-3.85E-08	1.86909E-07	-1.86909E-07
8.75	8.5	9	1.05E-06	2.51E-08	-2.51E-08	1.12673E-07	-1.12673E-07
9.25	9	9.5	6.65E-07	1.80E-08	-1.80E-08	7.0965E-08	-7.0965E-08
9.75	9.5	10	4.68E-07	1.34E-08	-1.34E-08	5.00759E-08	-5.00759E-08
11	10	12	1.76E-07	3.56E-09	-3.56E-09	2.02491E-08	-2.02491E-08
13	12	14	4.94E-08	1.66E-09	-1.66E-09	5.88942E-09	-5.88942E-09
15	14	16	1.67E-08	8.56E-10	-8.56E-10	2.14933E-09	-2.14933E-09
17	16	18	5.99E-09	5.49E-10	-5.49E-10	8.45026E-10	-8.45026E-10
19	18	20	2.41E-09	3.80E-10	-3.80E-10	3.69271E-10	-3.69271E-10

centrality	10	20  224.95   23.57
pt	ptlow	pthigh	inv.yield	stat+	stat-	sys+	sys-
1.25	1	1.5	1.167344	0.03408405	-0.03408405	0.082691699	-0.082691699
1.75	1.5	2	0.1961765	0.004268852	-0.004268852	0.014501446	-0.014501446
2.25	2	2.5	0.04038805	0.000745594	-0.000745594	0.003176279	-0.003176279
2.75	2.5	3	0.009682164	0.00017173	-0.00017173	0.000758902	-0.000758902
3.25	3	3.5	0.002631022	4.41E-05	-4.41E-05	0.000221038	-0.000221038
3.75	3.5	4	0.000845633	1.37E-05	-1.37E-05	7.63589E-05	-7.63589E-05
4.25	4	4.5	0.000306432	4.85E-06	-4.85E-06	2.76798E-05	-2.76798E-05
4.75	4.5	5	0.000120518	1.92E-06	-1.92E-06	1.08782E-05	-1.08782E-05
5.25	5	5.5	5.35E-05	8.37E-07	-8.37E-07	5.20211E-06	-5.20211E-06
5.75	5.5	6	2.52E-05	4.01E-07	-4.01E-07	2.4505E-06	-2.4505E-06
6.25	6	6.5	1.32E-05	2.23E-07	-2.23E-07	1.27986E-06	-1.27986E-06
6.75	6.5	7	6.93E-06	1.26E-07	-1.26E-07	6.74116E-07	-6.74116E-07
7.25	7	7.5	3.90E-06	7.82E-08	-7.82E-08	3.7883E-07	-3.7883E-07
7.75	7.5	8	2.23E-06	5.01E-08	-5.01E-08	2.16977E-07	-2.16977E-07
8.25	8	8.5	1.41E-06	2.99E-08	-2.99E-08	1.49141E-07	-1.49141E-07
8.75	8.5	9	8.96E-07	2.04E-08	-2.04E-08	9.52675E-08	-9.52675E-08
9.25	9	9.5	5.63E-07	1.46E-08	-1.46E-08	5.9698E-08	-5.9698E-08
9.75	9.5	10	3.75E-07	1.06E-08	-1.06E-08	3.98576E-08	-3.98576E-08
11	10	12	1.40E-07	3.02E-09	-3.02E-09	1.60642E-08	-1.60642E-08
13	12	14	4.20E-08	1.40E-09	-1.40E-09	5.00805E-09	-5.00805E-09
15	14	16	1.18E-08	7.28E-10	-7.28E-10	1.49732E-09	-1.49732E-09
17	16	18	4.71E-09	4.81E-10	-4.81E-10	6.51557E-10	-6.51557E-10
19	18	20	1.68E-09	3.11E-10	-3.11E-10	2.46781E-10	-2.46781E-10
							
centrality	20	40  130.65  19.34
pt	ptlow	pthigh	inv.yield	stat+	stat-	sys+	sys-
1.25	1	1.5	0.6884779	0.01376498	-0.01376498	0.048499462	-0.048499462
1.75	1.5	2	0.1182099	0.001775063	-0.001775063	0.008721807	-0.008721807
2.25	2	2.5	0.02422616	0.000309678	-0.000309678	0.001898884	-0.001898884
2.75	2.5	3	0.005866376	7.06E-05	-7.06E-05	0.000459599	-0.000459599
3.25	3	3.5	0.001750756	2.00E-05	-2.00E-05	0.000146888	-0.000146888
3.75	3.5	4	0.000551224	6.02E-06	-6.02E-06	4.97297E-05	-4.97297E-05
4.25	4	4.5	0.000203808	2.23E-06	-2.23E-06	1.83879E-05	-1.83879E-05
4.75	4.5	5	8.39E-05	9.19E-07	-9.19E-07	7.56949E-06	-7.56949E-06
5.25	5	5.5	3.68E-05	3.99E-07	-3.99E-07	3.57617E-06	-3.57617E-06
5.75	5.5	6	1.74E-05	1.99E-07	-1.99E-07	1.69482E-06	-1.69482E-06
6.25	6	6.5	8.75E-06	1.07E-07	-1.07E-07	8.50822E-07	-8.50822E-07
6.75	6.5	7	4.74E-06	6.54E-08	-6.54E-08	4.60372E-07	-4.60372E-07
7.25	7	7.5	2.67E-06	4.15E-08	-4.15E-08	2.59427E-07	-2.59427E-07
7.75	7.5	8	1.58E-06	2.80E-08	-2.80E-08	1.54033E-07	-1.54033E-07
8.25	8	8.5	9.12E-07	1.57E-08	-1.57E-08	9.62619E-08	-9.62619E-08
8.75	8.5	9	6.01E-07	1.12E-08	-1.12E-08	6.38081E-08	-6.38081E-08
9.25	9	9.5	3.73E-07	8.20E-09	-8.20E-09	3.9517E-08	-3.9517E-08
9.75	9.5	10	2.59E-07	6.07E-09	-6.07E-09	2.74295E-08	-2.74295E-08
11	10	12	9.75E-08	1.68E-09	-1.68E-09	1.11536E-08	-1.11536E-08
13	12	14	2.64E-08	7.77E-10	-7.77E-10	3.13541E-09	-3.13541E-09
15	14	16	8.38E-09	4.35E-10	-4.35E-10	1.05541E-09	-1.05541E-09
17	16	18	2.91E-09	2.58E-10	-2.58E-10	4.03616E-10	-4.03616E-10
19	18	20	1.27E-09	1.89E-10	-1.89E-10	1.90393E-10	-1.90393E-10
							
centrality	40	60  54.1   8.00
pt	ptlow	pthigh	inv.yield	stat+	stat-	sys+	sys-
1.25	1	1.5	0.2726216	0.004979389	-0.004979389	0.01874757	-0.01874757
1.75	1.5	2	0.04892485	0.000664866	-0.000664866	0.003536659	-0.003536659
2.25	2	2.5	0.01037562	0.000121022	-0.000121022	0.000798618	-0.000798618
2.75	2.5	3	0.002625704	2.81E-05	-2.81E-05	0.000202084	-0.000202084
3.25	3	3.5	0.000778692	7.97E-06	-7.97E-06	6.431E-05	-6.431E-05
3.75	3.5	4	0.000260317	2.57E-06	-2.57E-06	2.3173E-05	-2.3173E-05
4.25	4	4.5	9.67E-05	9.53E-07	-9.53E-07	8.60922E-06	-8.60922E-06
4.75	4.5	5	3.89E-05	3.97E-07	-3.97E-07	3.46492E-06	-3.46492E-06
5.25	5	5.5	1.79E-05	1.89E-07	-1.89E-07	1.72415E-06	-1.72415E-06
5.75	5.5	6	8.30E-06	9.62E-08	-9.62E-08	7.97036E-07	-7.97036E-07
6.25	6	6.5	4.31E-06	5.61E-08	-5.61E-08	4.14539E-07	-4.14539E-07
6.75	6.5	7	2.25E-06	3.49E-08	-3.49E-08	2.16442E-07	-2.16442E-07
7.25	7	7.5	1.28E-06	2.29E-08	-2.29E-08	1.23425E-07	-1.23425E-07
7.75	7.5	8	7.56E-07	1.60E-08	-1.60E-08	7.27118E-08	-7.27118E-08
8.25	8	8.5	4.28E-07	8.66E-09	-8.66E-09	4.4738E-08	-4.4738E-08
8.75	8.5	9	2.79E-07	6.33E-09	-6.33E-09	2.94318E-08	-2.94318E-08
9.25	9	9.5	1.75E-07	4.68E-09	-4.68E-09	1.83968E-08	-1.83968E-08
9.75	9.5	10	1.18E-07	3.46E-09	-3.46E-09	1.24659E-08	-1.24659E-08
11	10	12	4.30E-08	9.67E-10	-9.67E-10	4.88512E-09	-4.88512E-09
13	12	14	1.17E-08	4.90E-10	-4.90E-10	1.3877E-09	-1.3877E-09
15	14	16	3.63E-09	3.09E-10	-3.09E-10	4.64354E-10	-4.64354E-10
17	16	18	1.30E-09	1.77E-10	-1.77E-10	1.85043E-10	-1.85043E-10

centrality	0	100 0   0					
pt	ptlow	pthigh	inv.yield	stat+	stat-	sys+	sys-
1.25	1	1.5	0.5240061	0.008666846	-0.008666846	0.036839919	-0.036839919
1.75	1.5	2	0.09060204	0.001115351	-0.001115351	0.006683249	-0.006683249
2.25	2	2.5	0.01829509	0.000189884	-0.000189884	0.00143365	-0.00143365
2.75	2.5	3	0.004407103	4.23E-05	-4.23E-05	0.000345185	-0.000345185
3.25	3	3.5	0.001253962	1.13E-05	-1.13E-05	0.000105186	-0.000105186
3.75	3.5	4	0.000398726	3.40E-06	-3.40E-06	3.59633E-05	-3.59633E-05
4.25	4	4.5	0.000144873	1.21E-06	-1.21E-06	1.30683E-05	-1.30683E-05
4.75	4.5	5	5.80E-05	4.74E-07	-4.74E-07	5.23231E-06	-5.23231E-06
5.25	5	5.5	2.63E-05	2.10E-07	-2.10E-07	2.55623E-06	-2.55623E-06
5.75	5.5	6	1.24E-05	1.01E-07	-1.01E-07	1.20536E-06	-1.20536E-06
6.25	6	6.5	6.33E-06	5.38E-08	-5.38E-08	6.15103E-07	-6.15103E-07
6.75	6.5	7	3.37E-06	3.11E-08	-3.11E-08	3.27096E-07	-3.27096E-07
7.25	7	7.5	1.91E-06	1.91E-08	-1.91E-08	1.85765E-07	-1.85765E-07
7.75	7.5	8	1.10E-06	1.23E-08	-1.23E-08	1.06837E-07	-1.06837E-07
8.25	8	8.5	6.71E-07	7.51E-09	-7.51E-09	7.08759E-08	-7.08759E-08
8.75	8.5	9	4.23E-07	5.06E-09	-5.06E-09	4.48723E-08	-4.48723E-08
9.25	9	9.5	2.63E-07	3.68E-09	-3.68E-09	2.78304E-08	-2.78304E-08
9.75	9.5	10	1.82E-07	2.68E-09	-2.68E-09	1.93031E-08	-1.93031E-08
11	10	12	6.78E-08	7.07E-10	-7.07E-10	7.75135E-09	-7.75135E-09
13	12	14	1.91E-08	3.42E-10	-3.42E-10	2.25692E-09	-2.25692E-09
15	14	16	6.20E-09	1.86E-10	-1.86E-10	7.69182E-10	-7.69182E-10
17	16	18	2.22E-09	1.17E-10	-1.17E-10	2.99184E-10	-2.99184E-10
19	18	20	8.20E-10	7.71E-11	-7.71E-11	1.18386E-10	-1.18386E-10

centrality	0	20  267.85  40.48					
pt	ptlow	pthigh	inv.yield	stat+	stat-	sys+	sys-
1.25	1	1.5	1.362523	0.03106076	-0.03106076	0.097639398	-0.097639398
1.75	1.5	2	0.2348512	0.004018315	-0.004018315	0.017615472	-0.017615472
2.25	2	2.5	0.04648328	0.000678908	-0.000678908	0.003695603	-0.003695603
2.75	2.5	3	0.01094643	0.00015014	-0.00015014	0.000869226	-0.000869226
3.25	3	3.5	0.003009312	3.91E-05	-3.91E-05	0.000255539	-0.000255539
3.75	3.5	4	0.00094147	1.18E-05	-1.18E-05	8.58066E-05	-8.58066E-05
4.25	4	4.5	0.00033538	4.12E-06	-4.12E-06	3.05767E-05	-3.05767E-05
4.75	4.5	5	0.000131885	1.61E-06	-1.61E-06	1.20189E-05	-1.20189E-05
5.25	5	5.5	6.02E-05	7.19E-07	-7.19E-07	5.90283E-06	-5.90283E-06
5.75	5.5	6	2.86E-05	3.46E-07	-3.46E-07	2.80346E-06	-2.80346E-06
6.25	6	6.5	1.45E-05	1.86E-07	-1.86E-07	1.42487E-06	-1.42487E-06
6.75	6.5	7	7.72E-06	1.06E-07	-1.06E-07	7.57165E-07	-7.57165E-07
7.25	7	7.5	4.39E-06	6.55E-08	-6.55E-08	4.30656E-07	-4.30656E-07
7.75	7.5	8	2.51E-06	4.17E-08	-4.17E-08	2.45868E-07	-2.45868E-07
8.25	8	8.5	1.59E-06	2.58E-08	-2.58E-08	1.68783E-07	-1.68783E-07
8.75	8.5	9	9.76E-07	1.71E-08	-1.71E-08	1.04372E-07	-1.04E-07
9.25	9	9.5	6.14E-07	1.24E-08	-1.24E-08	6.53755E-08	-6.53755E-08
9.75	9.5	10	4.21E-07	9.13E-09	-9.13E-09	4.49117E-08	-4.49117E-08
11	10	12	1.58E-07	2.46E-09	-2.46E-09	1.81298E-08	-1.81298E-08
13	12	14	4.58E-08	1.15E-09	-1.15E-09	5.44986E-09	-5.44986E-09
15	14	16	1.47E-08	5.92E-10	-5.92E-10	1.86793E-09	-1.86793E-09
17	16	18	5.44E-09	3.82E-10	-3.82E-10	7.50565E-10	-7.50565E-10
19	18	20	2.02E-09	2.54E-10	-2.54E-10	2.97542E-10	-2.97542E-10
							
centrality	60	90  0   0					
pt	ptlow	pthigh	inv.yield	stat+	stat-	sys+	sys-
1.25	1	1.5	0.07055408	0.001139415	-0.001139415	0.004959253	-0.004959253
1.75	1.5	2	0.01181323	0.000140166	-0.000140166	0.000871295	-0.000871295
2.25	2	2.5	0.002566871	2.63E-05	-2.63E-05	0.000201151	-0.000201151
2.75	2.5	3	0.000658858	6.21E-06	-6.21E-06	5.16289E-05	-5.16289E-05
3.25	3	3.5	0.000197337	1.78E-06	-1.78E-06	1.65549E-05	-1.65549E-05
3.75	3.5	4	6.47E-05	5.86E-07	-5.86E-07	5.83602E-06	-5.83602E-06
4.25	4	4.5	2.51E-05	2.35E-07	-2.35E-07	2.26466E-06	-2.26466E-06
4.75	4.5	5	1.03E-05	1.05E-07	-1.05E-07	9.30165E-07	-9.30165E-07
5.25	5	5.5	4.55E-06	5.48E-08	-5.48E-08	4.41686E-07	-4.41686E-07
5.75	5.5	6	2.09E-06	3.08E-08	-3.08E-08	2.02681E-07	-2.02681E-07
6.25	6	6.5	1.11E-06	1.97E-08	-1.97E-08	1.08E-07	-1.08E-07
6.75	6.5	7	5.65E-07	1.33E-08	-1.33E-08	5.49828E-08	-5.49828E-08
7.25	7	7.5	3.48E-07	9.00E-09	-9.00E-09	3.39087E-08	-3.39087E-08
7.75	7.5	8	1.86E-07	6.23E-09	-6.23E-09	1.81911E-08	-1.81911E-08
8.25	8	8.5	1.13E-07	3.36E-09	-3.36E-09	1.19988E-08	-1.19988E-08
8.75	8.5	9	6.78E-08	2.36E-09	-2.36E-09	7.23788E-09	-7.23788E-09
9.25	9	9.5	4.25E-08	1.83E-09	-1.83E-09	4.53527E-09	-4.53527E-09
9.75	9.5	10	2.94E-08	1.36E-09	-1.36E-09	3.15092E-09	-3.15092E-09
11	10	12	1.05E-08	3.86E-10	-3.86E-10	1.21266E-09	-1.21266E-09
13	12	14	2.65E-09	1.79E-10	-1.79E-10	3.23708E-10	-3.23708E-10
15	14	16	7.39E-10	1.07E-10	-1.07E-10	1.02662E-10	-1.02662E-10
