centrality	0	5	535	0			
pt	ptlow	pthigh	inv.yield	stat +	stat -	sys +	sys -
0.55	0.5	0.6	6.72825	0.807403	-0.807403    0   0
0.65	0.6	0.7	5.87918	0.705512	-0.705512    0   0
0.75	0.7	0.8	5.27233	0.632688	-0.632688    0   0
0.85	0.8	0.9	4.68911	0.5627	-0.5627    0   0
0.95	0.9	1	4.11823	0.494194	-0.494194    0   0
1.05	1	1.1	3.55002	0.426009	-0.426009    0   0
1.15	1.1	1.2	3.01061	0.361279	-0.361279    0   0
1.25	1.2	1.3	2.49948	0.299942	-0.299942    0   0
1.35	1.3	1.4	2.02124	0.242554	-0.242554    0   0
1.45	1.4	1.5	1.61397	0.193681	-0.193681    0   0
1.55	1.5	1.6	1.26492	0.151795	-0.151795    0   0
1.65	1.6	1.7	0.978625	0.117439	-0.117439    0   0
1.75	1.7	1.8	0.752497	0.0903035	-0.0903035    0   0
1.85	1.8	1.9	0.573563	0.0688313	-0.0688313    0   0
1.95	1.9	2	0.434344	0.0521249	-0.0521249    0   0
							
centrality	5	10	466	0			
pt	ptlow	pthigh	inv.yield	stat +	stat -	sys +	sys -
0.55	0.5	0.6	5.91988	0.710396	-0.710396    0   0
0.65	0.6	0.7	5.18511	0.622221	-0.622221    0   0
0.75	0.7	0.8	4.62133	0.554566	-0.554566    0   0
0.85	0.8	0.9	4.07846	0.489421	-0.489421    0   0
0.95	0.9	1	3.54647	0.425582	-0.425582    0   0
1.05	1	1.1	3.03157	0.363793	-0.363793    0   0
1.15	1.1	1.2	2.54936	0.305928	-0.305928    0   0
1.25	1.2	1.3	2.09999	0.252003	-0.252003    0   0
1.35	1.3	1.4	1.69301	0.203165	-0.203165    0   0
1.45	1.4	1.5	1.34231	0.161081	-0.161081    0   0
1.55	1.5	1.6	1.04762	0.125718	-0.125718    0   0
1.65	1.6	1.7	0.807758	0.0969342	-0.0969342    0   0
1.75	1.7	1.8	0.617416	0.074093	-0.074093    0   0
1.85	1.8	1.9	0.469393	0.0563301	-0.0563301    0   0
1.95	1.9	2	0.355362	0.0426462	-0.0426462    0   0
							
centrality	10	20	368.5	0			
pt	ptlow	pthigh	inv.yield	stat +	stat -	sys +	sys -
0.55	0.5	0.6	4.54915	0.545902	-0.545902    0   0
0.65	0.6	0.7	4.00634	0.480764	-0.480764    0   0
0.75	0.7	0.8	3.5592	0.427107	-0.427107    0   0
0.85	0.8	0.9	3.11538	0.373848	-0.373848    0   0
0.95	0.9	1	2.6824	0.321891	-0.321891    0   0
1.05	1	1.1	2.27337	0.272806	-0.272806    0   0
1.15	1.1	1.2	1.893	0.227162	-0.227162    0   0
1.25	1.2	1.3	1.55215	0.186259	-0.186259    0   0
1.35	1.3	1.4	1.24558	0.149471	-0.149471    0   0
1.45	1.4	1.5	0.982046	0.117847	-0.117847    0   0
1.55	1.5	1.6	0.765401	0.0918496	-0.0918496    0   0
1.65	1.6	1.7	0.588932	0.0706731	-0.0706731    0   0
1.75	1.7	1.8	0.450652	0.0540796	-0.0540796    0   0
1.85	1.8	1.9	0.343179	0.0411828	-0.0411828    0   0
1.95	1.9	2	0.260449	0.0312551	-0.0312551    0   0
							
centrality	20	30	257.5	0			
pt	ptlow	pthigh	inv.yield	stat +	stat -	sys +	sys -
0.55	0.5	0.6	3.24263	0.389119	-0.389119    0   0
0.65	0.6	0.7	2.86827	0.344195	-0.344195    0   0
0.75	0.7	0.8	2.52519	0.303026	-0.303026    0   0
0.85	0.8	0.9	2.17833	0.261401	-0.261401    0   0
0.95	0.9	1	1.83889	0.220669	-0.220669    0   0
1.05	1	1.1	1.52962	0.183556	-0.183556    0   0
1.15	1.1	1.2	1.25722	0.150869	-0.150869    0   0
1.25	1.2	1.3	1.01668	0.122003	-0.122003    0   0
1.35	1.3	1.4	0.806727	0.0968086	-0.0968086    0   0
1.45	1.4	1.5	0.630712	0.0756868	-0.0756868    0   0
1.55	1.5	1.6	0.486071	0.0583298	-0.0583298    0   0
1.65	1.6	1.7	0.372021	0.0446438	-0.0446438    0   0
1.75	1.7	1.8	0.28321	0.0339864	-0.0339864    0   0
1.85	1.8	1.9	0.214893	0.0257882	-0.0257882    0   0
1.95	1.9	2	0.162414	0.0194907	-0.0194907    0   0
							
centrality	30	40	169.5	0
pt	ptlow	pthigh	inv.yield	stat +	stat -	sys +	sys -
0.55	0.5	0.6	2.32823	0.279391	-0.279391    0   0
0.65	0.6	0.7	2.01149	0.241381	-0.241381    0   0
0.75	0.7	0.8	1.7314	0.20777	-0.20777    0   0
0.85	0.8	0.9	1.46282	0.175541	-0.175541    0   0
0.95	0.9	1	1.20578	0.144695	-0.144695    0   0
1.05	1	1.1	0.983405	0.11801	-0.11801    0   0
1.15	1.1	1.2	0.79344	0.0952143	-0.0952143    0   0
1.25	1.2	1.3	0.632077	0.0758507	-0.0758507    0   0
1.35	1.3	1.4	0.495864	0.059505	-0.059505    0   0
1.45	1.4	1.5	0.383215	0.045987	-0.045987    0   0
1.55	1.5	1.6	0.292754	0.0351316	-0.0351316    0   0
1.65	1.6	1.7	0.22147	0.0265775	-0.0265775    0   0
1.75	1.7	1.8	0.167771	0.0201335	-0.0201335    0   0
1.85	1.8	1.9	0.126629	0.0151964	-0.0151964    0   0
1.95	1.9	2	0.0954994	0.0114609	-0.0114609    0   0
							
centrality	40	50	104	0
pt	ptlow	pthigh	inv.yield	stat +	stat -	sys +	sys -
0.55	0.5	0.6	1.55869	0.187046	-0.187046    0   0
0.65	0.6	0.7	1.32574	0.159091	-0.159091    0   0
0.75	0.7	0.8	1.11343	0.133614	-0.133614    0   0
0.85	0.8	0.9	0.91978	0.110376	-0.110376    0   0
0.95	0.9	1	0.737825	0.0885408	-0.0885408    0   0
1.05	1	1.1	0.586428	0.0703729	-0.0703729    0   0
1.15	1.1	1.2	0.46301	0.0555626	-0.0555626    0   0
1.25	1.2	1.3	0.362074	0.0434503	-0.0434503    0   0
1.35	1.3	1.4	0.279251	0.0335114	-0.0335114    0   0
1.45	1.4	1.5	0.212342	0.0254822	-0.0254822    0   0
1.55	1.5	1.6	0.159865	0.0191849	-0.0191849    0   0
1.65	1.6	1.7	0.119569	0.0143493	-0.0143493    0   0
1.75	1.7	1.8	0.089143	0.0106981	-0.0106981    0   0
1.85	1.8	1.9	0.0666975	0.00800462	-0.00800462    0   0
1.95	1.9	2	0.0497204	0.00596732	-0.00596732    0   0
							
centrality	50	60	59	0			
pt	ptlow	pthigh	inv.yield	stat +	stat -	sys +	sys -
0.55	0.5	0.6	0.971716	0.116609	-0.116609    0   0
0.65	0.6	0.7	0.808029	0.096966	-0.096966    0   0
0.75	0.7	0.8	0.662274	0.0794751	-0.0794751    0   0
0.85	0.8	0.9	0.532379	0.0638874	-0.0638874    0   0
0.95	0.9	1	0.416091	0.0499327	-0.0499327    0   0
1.05	1	1.1	0.322134	0.0386577	-0.0386577    0   0
1.15	1.1	1.2	0.25016	0.0300207	-0.0300207    0   0
1.25	1.2	1.3	0.192182	0.0230633	-0.0230633    0   0
1.35	1.3	1.4	0.145828	0.0175007	-0.0175007    0   0
1.45	1.4	1.5	0.109938	0.0131937	-0.0131937    0   0
1.55	1.5	1.6	0.0821184	0.00985535	-0.00985535    0   0
1.65	1.6	1.7	0.0610967	0.00733267	-0.00733267    0   0
1.75	1.7	1.8	0.0454713	0.00545756	-0.00545756    0   0
1.85	1.8	1.9	0.0339689	0.00407723	-0.00407723    0   0
1.95	1.9	2	0.0254297	0.00305249	-0.00305249    0   0
							
centrality	60	70	29.5	0			
pt	ptlow	pthigh	inv.yield	stat +	stat -	sys +	sys -
0.55	0.5	0.6	0.542057	0.0650501	-0.0650501    0   0
0.65	0.6	0.7	0.441136	0.0529389	-0.0529389    0   0
0.75	0.7	0.8	0.350244	0.0420314	-0.0420314    0   0
0.85	0.8	0.9	0.272032	0.0326458	-0.0326458    0   0
0.95	0.9	1	0.207109	0.0248549	-0.0248549    0   0
1.05	1	1.1	0.155905	0.0187102	-0.0187102    0   0
1.15	1.1	1.2	0.117707	0.0141262	-0.0141262    0   0
1.25	1.2	1.3	0.0884586	0.0106164	-0.0106164    0   0
1.35	1.3	1.4	0.0663438	0.00796253	-0.00796253    0   0
1.45	1.4	1.5	0.0488196	0.00585954	-0.00585954    0   0
1.55	1.5	1.6	0.0360473	0.00432678	-0.00432678    0   0
1.65	1.6	1.7	0.0263393	0.00316176	-0.00316176    0   0
1.75	1.7	1.8	0.0192909	0.00231589	-0.00231589    0   0
1.85	1.8	1.9	0.0142416	0.00170992	-0.00170992    0   0
1.95	1.9	2	0.0106121	0.00127434	-0.00127434    0   0
							
centrality	70	80	13	0			
pt	ptlow	pthigh	inv.yield	stat +	stat -	sys +	sys -
0.55	0.5	0.6	0.26171	0.0314093	-0.0314093    0   0
0.65	0.6	0.7	0.205287	0.0246377	-0.0246377    0   0
0.75	0.7	0.8	0.157006	0.0188435	-0.0188435    0   0
0.85	0.8	0.9	0.119015	0.0142843	-0.0142843    0   0
0.95	0.9	1	0.0875495	0.0105081	-0.0105081    0   0
1.05	1	1.1	0.0640004	0.00768206	-0.00768206    0   0
1.15	1.1	1.2	0.0469135	0.00563147	-0.00563147    0   0
1.25	1.2	1.3	0.0349045	0.00419027	-0.00419027    0   0
1.35	1.3	1.4	0.0252332	0.0030296	-0.0030296    0   0
1.45	1.4	1.5	0.0184047	0.00221007	-0.00221007    0   0
1.55	1.5	1.6	0.0133166	0.00159941	-0.00159941    0   0
1.65	1.6	1.7	0.0096421	0.00115838	-0.00115838    0   0
1.75	1.7	1.8	0.00699434	0.00084057	-0.00084057    0   0
1.85	1.8	1.9	0.00514605	0.000618705	-0.000618705    0   0
1.95	1.9	2	0.00363514	0.00043735	-0.00043735    0   0
