centrality	0	5   461   0					
pt	ptlow	pthigh	inv.yield	stat +	stat -	sys +	sys -
0.45	0.4	0.5	1.8847	0.16	-0.16	0	0
0.55	0.5	0.6	1.5905	0.09047	-0.09047	0	0
0.65	0.6	0.7	1.3837	0.07434	-0.07434	0	0
0.75	0.7	0.8	1.1368	0.05122	-0.05122	0	0
0.9	0.8	1	0.9578	0.02871	-0.02871	0	0
1.1	1	1.2	0.6517	0.02109	-0.02109	0	0
1.35	1.2	1.5	0.345	0.01284	-0.01284	0	0
1.7	1.5	1.8	0.1748	0.009468	-0.009468	0	0
2	1.8	2.2	0.08355	0.004632	-0.004632	0	0
2.4	2.2	2.6	0.02817	0.002073	-0.002073	0	0
2.8	2.6	3	0.01087	0.001179	-0.001179	0	0
3.25	3	3.5	0.00349	0.00058	-0.00058	0	0
3.75	3.5	4	0.0008564	0.000179	-0.000179	0	0
4.5	4	5	0.0001348	2.77E-05	-2.77E-05	0	0
							
centrality	0	10	603	0					
pt	ptlow	pthigh	inv.yield	stat +	stat -	sys +	sys -
0.45	0.4	0.5	1.6303	0.2216	-0.2216	0	0
0.55	0.5	0.6	1.4651	0.09106	-0.09106	0	0
0.65	0.6	0.7	1.3687	0.06892	-0.06892	0	0
0.75	0.7	0.8	1.0567	0.06128	-0.06128	0	0
0.9	0.8	1	0.9126	0.04041	-0.04041	0	0
1.1	1	1.2	0.5649	0.02983	-0.02983	0	0
1.35	1.2	1.5	0.3453	0.02085	-0.02085	0	0
1.7	1.5	1.8	0.162	0.0151	-0.0151	0	0
2	1.8	2.2	0.06835	0.006421	-0.006421	0	0
2.4	2.2	2.6	0.02812	0.003695	-0.003695	0	0
2.8	2.6	3	0.01201	0.001462	-0.001462	0	0
3.25	3	3.5	0.003198	0.000608	-0.000608	0	0
3.75	3.5	4	0.0007268	0.000224	-0.000224	0	0
4.5	4	5	0.0001573	3.03E-05	-3.03E-05	0	0
							
centrality	10	20	426	0					
pt	ptlow	pthigh	inv.yield	stat +	stat -	sys +	sys -
0.45	0.4	0.5	1.0169	0.1055	-0.1055	0	0
0.55	0.5	0.6	1.0002	0.09147	-0.09147	0	0
0.65	0.6	0.7	0.8618	0.03812	-0.03812	0	0
0.75	0.7	0.8	0.7815	0.0444	-0.0444	0	0
0.9	0.8	1	0.5883	0.02235	-0.02235	0	0
1.1	1	1.2	0.4395	0.01889	-0.01889	0	0
1.35	1.2	1.5	0.2688	0.01295	-0.01295	0	0
1.7	1.5	1.8	0.1363	0.009032	-0.009032	0	0
2	1.8	2.2	0.05651	0.004227	-0.004227	0	0
2.4	2.2	2.6	0.02207	0.002095	-0.002095	0	0
2.8	2.6	3	0.007038	0.001001	-0.001001	0	0
3.25	3	3.5	0.003088	0.000325	-0.000325	0	0
3.75	3.5	4	0.0008207	0.000157	-0.000157	0	0
4.5	4	5	0.0001165	2.78E-05	-2.78E-05	0	0
							
centrality	20	30	292	0					
pt	ptlow	pthigh	inv.yield	stat +	stat -	sys +	sys -
0.45	0.4	0.5	0.6565	0.06503	-0.06503	0	0
0.55	0.5	0.6	0.6093	0.03891	-0.03891	0	0
0.65	0.6	0.7	0.5994	0.02569	-0.02569	0	0
0.75	0.7	0.8	0.525	0.02858	-0.02858	0	0
0.9	0.8	1	0.397	0.01409	-0.01409	0	0
1.1	1	1.2	0.3001	0.02219	-0.02219	0	0
1.35	1.2	1.5	0.1518	0.0082	-0.0082	0	0
1.7	1.5	1.8	0.09626	0.006552	-0.006552	0	0
2	1.8	2.2	0.03953	0.003175	-0.003175	0	0
2.4	2.2	2.6	0.01703	0.001643	-0.001643	0	0
2.8	2.6	3	0.005381	0.000674	-0.000674	0	0
3.25	3	3.5	0.002032	0.00026	-0.00026	0	0
3.75	3.5	4	0.0006166	0.00011	-0.00011	0	0
4.5	4	5	0.0001682	1.87E-05	-1.87E-05	0	0
							
centrality	30	40	191	0					
pt	ptlow	pthigh	inv.yield	stat +	stat -	sys +	sys -
0.45	0.4	0.5	0.4491	0.04514	-0.04514	0	0
0.55	0.5	0.6	0.4699	0.04077	-0.04077	0	0
0.65	0.6	0.7	0.3945	0.02591	-0.02591	0	0
0.75	0.7	0.8	0.3675	0.01959	-0.01959	0	0
0.9	0.8	1	0.245	0.008553	-0.008553	0	0
1.1	1	1.2	0.1984	0.007788	-0.007788	0	0
1.35	1.2	1.5	0.0978	0.004843	-0.004843	0	0
1.7	1.5	1.8	0.05825	0.003962	-0.003962	0	0
2	1.8	2.2	0.02764	0.002145	-0.002145	0	0
2.4	2.2	2.6	0.01037	0.000908	-0.000908	0	0
2.8	2.6	3	0.003402	0.000467	-0.000467	0	0
3.25	3	3.5	0.001377	0.000178	-0.000178	0	0
3.75	3.5	4	0.0003748	6.13E-05	-6.13E-05	0	0
4.5	4	5	5.36E-05	9.06E-06	-9.06E-06	0	0
							
centrality	40	50	118	0				
pt	ptlow	pthigh	inv.yield	stat +	stat -	sys +	sys -
0.45	0.4	0.5	0.3497	0.03855	-0.03855	0	0
0.55	0.5	0.6	0.2964	0.02626	-0.02626	0	0
0.65	0.6	0.7	0.2619	0.01407	-0.01407	0	0
0.75	0.7	0.8	0.2395	0.01465	-0.01465	0	0
0.9	0.8	1	0.1575	0.005736	-0.005736	0	0
1.1	1	1.2	0.1155	0.004778	-0.004778	0	0
1.35	1.2	1.5	0.05592	0.002823	-0.002823	0	0
1.7	1.5	1.8	0.03065	0.002372	-0.002372	0	0
2	1.8	2.2	0.01274	0.001068	-0.001068	0	0
2.4	2.2	2.6	0.006583	0.000602	-0.000602	0	0
2.8	2.6	3	0.001814	0.000201	-0.000201	0	0
3.25	3	3.5	0.0006652	0.0001	-0.0001	0	0
3.75	3.5	4	0.0002098	3.91E-05	-3.91E-05	0	0
4.5	4	5	4.30E-05	6.96E-06	-6.96E-06	0	0
							
centrality	50	60	68	0				
pt	ptlow	pthigh	inv.yield	stat +	stat -	sys +	sys -
0.45	0.4	0.5	0.204	0.02985	-0.02985	0	0
0.55	0.5	0.6	0.2039	0.01944	-0.01944	0	0
0.65	0.6	0.7	0.1494	0.01153	-0.01153	0	0
0.75	0.7	0.8	0.1225	0.007441	-0.007441	0	0
0.9	0.8	1	0.09102	0.003652	-0.003652	0	0
1.1	1	1.2	0.05935	0.002772	-0.002772	0	0
1.35	1.2	1.5	0.03199	0.001749	-0.001749	0	0
1.7	1.5	1.8	0.01483	0.001249	-0.001249	0	0
2	1.8	2.2	0.007367	0.00069	-0.00069	0	0
2.4	2.2	2.6	0.00306	0.000329	-0.000329	0	0
2.8	2.6	3	0.00128	0.000138	-0.000138	0	0
3.25	3	3.5	0.000485	6.30E-05	-6.30E-05	0	0
3.75	3.5	4	0.0001395	2.61E-05	-2.61E-05	0	0
4.5	4	5	3.67E-05	5.87E-06	-5.87E-06	0	0
							
centrality	60	70	35	0					
pt	ptlow	pthigh	inv.yield	stat +	stat -	sys +	sys -
0.45	0.4	0.5	0.1035	0.01301	-0.01301	0	0
0.55	0.5	0.6	0.0919	0.01069	-0.01069	0	0
0.65	0.6	0.7	0.09068	0.009133	-0.009133	0	0
0.75	0.7	0.8	0.07571	0.005873	-0.005873	0	0
0.9	0.8	1	0.04778	0.002343	-0.002343	0	0
1.1	1	1.2	0.03436	0.001838	-0.001838	0	0
1.35	1.2	1.5	0.01816	0.001245	-0.001245	0	0
1.7	1.5	1.8	0.009027	0.000764	-0.000764	0	0
2	1.8	2.2	0.00337	0.000348	-0.000348	0	0
2.4	2.2	2.6	0.001505	0.000194	-0.000194	0	0
2.8	2.6	3	0.0005079	6.87E-05	-6.87E-05	0	0
3.25	3	3.5	0.0002245	2.76E-05	-2.76E-05	0	0
3.75	3.5	4	6.16E-05	1.34E-05	-1.34E-05	0	0
4.5	4	5	1.60E-05	2.88E-06	-2.88E-06	0	0
							
centrality	70	80	15	0					
pt	ptlow	pthigh	inv.yield	stat +	stat -	sys +	sys -
0.45	0.4	0.5	0.05768	0.01172	-0.01172	0	0
0.55	0.5	0.6	0.05106	0.00701	-0.00701	0	0
0.65	0.6	0.7	0.04086	0.004741	-0.004741	0	0
0.75	0.7	0.8	0.03223	0.003147	-0.003147	0	0
0.9	0.8	1	0.02165	0.001279	-0.001279	0	0
1.1	1	1.2	0.01265	0.000857	-0.000857	0	0
1.35	1.2	1.5	0.007272	0.000555	-0.000555	0	0
1.7	1.5	1.8	0.003116	0.000376	-0.000376	0	0
2	1.8	2.2	0.001238	0.000153	-0.000153	0	0
2.4	2.2	2.6	0.0005616	7.14E-05	-7.14E-05	0	0
2.8	2.6	3	0.0001851	3.20E-05	-3.20E-05	0	0
3.25	3	3.5	5.19E-05	1.13E-05	-1.13E-05	0	0
3.75	3.5	4	2.55E-05	5.63E-06	-5.63E-06	0	0
4.5	4	5	4.99E-06	1.72E-06	-1.72E-06	0	0
