centrality	0	5	535	0
pt	ptlow	pthigh	inv.yield	stat +	stat -	sys +	sys -
0.45	0.4	0.5	158.426	12.6741	-12.6741    0   0
0.55	0.5	0.6	96.897	7.75178	-7.75178    0   0
0.65	0.6	0.7	60.8347	4.8668	-4.8668    0   0
0.75	0.7	0.8	38.9843	3.11876	-3.11876    0   0
0.85	0.8	0.9	25.2649	2.02121	-2.02121    0   0
0.95	0.9	1	16.599	1.32793	-1.32793    0   0
1.05	1	1.1	11.0418	0.883353	-0.883353    0   0
1.15	1.1	1.2	7.41876	0.59351	-0.59351    0   0
1.25	1.2	1.3	5.01901	0.40153	-0.40153    0   0
1.35	1.3	1.4	3.42396	0.273925	-0.273925    0   0
1.45	1.4	1.5	2.3566	0.188536	-0.188536    0   0
1.55	1.5	1.6	1.63391	0.13072	-0.13072    0   0
1.65	1.6	1.7	1.13839	0.0910781	-0.0910781    0   0
1.75	1.7	1.8	0.798017	0.0638478	-0.0638478    0   0
1.85	1.8	1.9	0.563835	0.045113	-0.045113    0   0
1.95	1.9	2	0.403095	0.0322536	-0.0322536    0   0
							
centrality	5	10	466	0
pt	ptlow	pthigh	inv.yield	stat +	stat -	sys +	sys -
0.45	0.4	0.5	133.884	10.7107	-10.7107    0   0
0.55	0.5	0.6	81.6039	6.52833	-6.52833    0   0
0.65	0.6	0.7	51.1206	4.08966	-4.08966    0   0
0.75	0.7	0.8	32.7126	2.61702	-2.61702    0   0
0.85	0.8	0.9	21.1585	1.69269	-1.69269    0   0
0.95	0.9	1	13.8754	1.11004	-1.11004    0   0
1.05	1	1.1	9.21667	0.737342	-0.737342    0   0
1.15	1.1	1.2	6.20444	0.496363	-0.496363    0   0
1.25	1.2	1.3	4.19269	0.335422	-0.335422    0   0
1.35	1.3	1.4	2.8607	0.228863	-0.228863    0   0
1.45	1.4	1.5	1.96809	0.157453	-0.157453    0   0
1.55	1.5	1.6	1.36199	0.108964	-0.108964    0   0
1.65	1.6	1.7	0.949759	0.0759859	-0.0759859    0   0
1.75	1.7	1.8	0.667869	0.0534345	-0.0534345    0   0
1.85	1.8	1.9	0.471832	0.0377514	-0.0377514    0   0
1.95	1.9	2	0.336259	0.0269054	-0.0269054    0   0
							
centrality	10	20	368.5	0
pt	ptlow	pthigh	inv.yield	stat +	stat -	sys +	sys -
0.45	0.4	0.5	100.212	8.01696	-8.01696    0   0
0.55	0.5	0.6	60.8793	4.87035	-4.87035    0   0
0.65	0.6	0.7	38.0365	3.04292	-3.04292    0   0
0.75	0.7	0.8	24.3218	1.94575	-1.94575    0   0
0.85	0.8	0.9	15.7315	1.25852	-1.25852    0   0
0.95	0.9	1	10.3109	0.824878	-0.824878    0   0
1.05	1	1.1	6.86971	0.54958	-0.54958    0   0
1.15	1.1	1.2	4.63515	0.370815	-0.370815    0   0
1.25	1.2	1.3	3.14717	0.251777	-0.251777    0   0
1.35	1.3	1.4	2.15765	0.172615	-0.172615    0   0
1.45	1.4	1.5	1.48922	0.11914	-0.11914    0   0
1.55	1.5	1.6	1.03747	0.0830003	-0.0830003    0   0
1.65	1.6	1.7	0.726003	0.0580824	-0.0580824    0   0
1.75	1.7	1.8	0.511478	0.0409203	-0.0409203    0   0
1.85	1.8	1.9	0.364219	0.0291396	-0.0291396    0   0
1.95	1.9	2	0.260664	0.0208551	-0.0208551    0   0
							
centrality	20	30	257.5	0
pt	ptlow	pthigh	inv.yield	stat +	stat -	sys +	sys -
0.45	0.4	0.5	67.3893	5.39115	-5.39115    0   0
0.55	0.5	0.6	40.7546	3.26038	-3.26038    0   0
0.65	0.6	0.7	25.2799	2.02239	-2.02239    0   0
0.75	0.7	0.8	16.1055	1.28845	-1.28845    0   0
0.85	0.8	0.9	10.3893	0.831151	-0.831151    0   0
0.95	0.9	1	6.78166	0.542536	-0.542536    0   0
1.05	1	1.1	4.51802	0.361445	-0.361445    0   0
1.15	1.1	1.2	3.04987	0.243992	-0.243992    0   0
1.25	1.2	1.3	2.07418	0.165937	-0.165937    0   0
1.35	1.3	1.4	1.42313	0.113853	-0.113853    0   0
1.45	1.4	1.5	0.985813	0.0788672	-0.0788672    0   0
1.55	1.5	1.6	0.689188	0.0551371	-0.0551371    0   0
1.65	1.6	1.7	0.483814	0.0387071	-0.0387071    0   0
1.75	1.7	1.8	0.342972	0.0274396	-0.0274396    0   0
1.85	1.8	1.9	0.244671	0.0195754	-0.0195754    0   0
1.95	1.9	2	0.1761	0.0140897	-0.0140897    0   0
							
centrality	30	40	169.5	0
pt	ptlow	pthigh	inv.yield	stat +	stat -	sys +	sys -
0.45	0.4	0.5	43.7881	3.50306	-3.50306    0   0
0.55	0.5	0.6	26.3526	2.10822	-2.10822    0   0
0.65	0.6	0.7	16.233	1.29864	-1.29864    0   0
0.75	0.7	0.8	10.2793	0.82235	-0.82235    0   0
0.85	0.8	0.9	6.60452	0.528365	-0.528365    0   0
0.95	0.9	1	4.28752	0.343004	-0.343004    0   0
1.05	1	1.1	2.8449	0.227595	-0.227595    0   0
1.15	1.1	1.2	1.91977	0.153584	-0.153584    0   0
1.25	1.2	1.3	1.30534	0.10443	-0.10443    0   0
1.35	1.3	1.4	0.89711	0.0717709	-0.0717709    0   0
1.45	1.4	1.5	0.622014	0.0497631	-0.0497631    0   0
1.55	1.5	1.6	0.435151	0.0348139	-0.0348139    0   0
1.65	1.6	1.7	0.306382	0.0245123	-0.0245123    0   0
1.75	1.7	1.8	0.21807	0.0174473	-0.0174473    0   0
1.85	1.8	1.9	0.156199	0.0124976	-0.0124976    0   0
1.95	1.9	2	0.112845	0.00902917	-0.00902917    0   0
							
centrality	40	50	104	0
pt	ptlow	pthigh	inv.yield	stat +	stat -	sys +	sys -
0.45	0.4	0.5	26.2173	2.09739	-2.09739    0   0
0.55	0.5	0.6	15.7307	1.25846	-1.25846    0   0
0.65	0.6	0.7	9.6513	0.772108	-0.772108    0   0
0.75	0.7	0.8	6.07685	0.486152	-0.486152    0   0
0.85	0.8	0.9	3.8955	0.311644	-0.311644    0   0
0.95	0.9	1	2.51896	0.20152	-0.20152    0   0
1.05	1	1.1	1.66601	0.133284	-0.133284    0   0
1.15	1.1	1.2	1.12423	0.0899405	-0.0899405    0   0
1.25	1.2	1.3	0.764986	0.0612011	-0.0612011    0   0
1.35	1.3	1.4	0.526621	0.0421317	-0.0421317    0   0
1.45	1.4	1.5	0.366062	0.0292869	-0.0292869    0   0
1.55	1.5	1.6	0.256495	0.0205214	-0.0205214    0   0
1.65	1.6	1.7	0.181677	0.0145359	-0.0145359    0   0
1.75	1.7	1.8	0.129427	0.0103558	-0.0103558    0   0
1.85	1.8	1.9	0.0930373	0.00744458	-0.00744458    0   0
1.95	1.9	2	0.0673868	0.00539249	-0.00539249    0   0
							
centrality	50	60	59	0
pt	ptlow	pthigh	inv.yield	stat +	stat -	sys +	sys -
0.45	0.4	0.5	15.1773	1.21419	-1.21419    0   0
0.55	0.5	0.6	9.01027	0.720826	-0.720826    0   0
0.65	0.6	0.7	5.4713	0.437709	-0.437709    0   0
0.75	0.7	0.8	3.41002	0.272805	-0.272805    0   0
0.85	0.8	0.9	2.16395	0.17312	-0.17312    0   0
0.95	0.9	1	1.38693	0.110957	-0.110957    0   0
1.05	1	1.1	0.911969	0.0729603	-0.0729603    0   0
1.15	1.1	1.2	0.612301	0.0489866	-0.0489866    0   0
1.25	1.2	1.3	0.415459	0.033239	-0.033239    0   0
1.35	1.3	1.4	0.284739	0.0227813	-0.0227813    0   0
1.45	1.4	1.5	0.198279	0.0158643	-0.0158643    0   0
1.55	1.5	1.6	0.138829	0.0111082	-0.0111082    0   0
1.65	1.6	1.7	0.0984791	0.00788008	-0.00788008    0   0
1.75	1.7	1.8	0.0702676	0.00562308	-0.00562308    0   0
1.85	1.8	1.9	0.0504348	0.0040364	-0.0040364    0   0
1.95	1.9	2	0.0367797	0.00294395	-0.00294395    0   0
							
centrality	60	70	29.5	0
pt	ptlow	pthigh	inv.yield	stat +	stat -	sys +	sys -
0.45	0.4	0.5	7.91082	0.632872	-0.632872    0   0
0.55	0.5	0.6	4.63911	0.371134	-0.371134    0   0
0.65	0.6	0.7	2.78335	0.222672	-0.222672    0   0
0.75	0.7	0.8	1.71135	0.136912	-0.136912    0   0
0.85	0.8	0.9	1.07727	0.0861846	-0.0861846    0   0
0.95	0.9	1	0.683875	0.054713	-0.054713    0   0
1.05	1	1.1	0.445869	0.0356722	-0.0356722    0   0
1.15	1.1	1.2	0.297331	0.023789	-0.023789    0   0
1.25	1.2	1.3	0.201066	0.0160875	-0.0160875    0   0
1.35	1.3	1.4	0.137869	0.0110316	-0.0110316    0   0
1.45	1.4	1.5	0.0952637	0.00762305	-0.00762305    0   0
1.55	1.5	1.6	0.0670447	0.00536541	-0.00536541    0   0
1.65	1.6	1.7	0.0472448	0.00378132	-0.00378132    0   0
1.75	1.7	1.8	0.0339207	0.00271533	-0.00271533    0   0
1.85	1.8	1.9	0.0244481	0.00195745	-0.00195745    0   0
1.95	1.9	2	0.0178847	0.00143233	-0.00143233    0   0
							
centrality	70	80	13	0
pt	ptlow	pthigh	inv.yield	stat +	stat -	sys +	sys -
0.45	0.4	0.5	3.63477	0.29079	-0.29079    0   0
0.55	0.5	0.6	2.09782	0.167832	-0.167832    0   0
0.65	0.6	0.7	1.24189	0.0993567	-0.0993567    0   0
0.75	0.7	0.8	0.751999	0.0601647	-0.0601647    0   0
0.85	0.8	0.9	0.46697	0.0373618	-0.0373618    0   0
0.95	0.9	1	0.293581	0.0234902	-0.0234902    0   0
1.05	1	1.1	0.189103	0.0151317	-0.0151317    0   0
1.15	1.1	1.2	0.125005	0.0100035	-0.0100035    0   0
1.25	1.2	1.3	0.0843759	0.00675294	-0.00675294    0   0
1.35	1.3	1.4	0.0574277	0.00459688	-0.00459688    0   0
1.45	1.4	1.5	0.0397367	0.00318143	-0.00318143    0   0
1.55	1.5	1.6	0.0275172	0.00220372	-0.00220372    0   0
1.65	1.6	1.7	0.0195544	0.00156659	-0.00156659    0   0
1.75	1.7	1.8	0.0140406	0.00112539	-0.00112539    0   0
1.85	1.8	1.9	0.00995929	0.000798806	-0.000798806    0   0
1.95	1.9	2	0.00723219	0.000580584	-0.000580584    0   0
