centrality	0	10	306.5	0			
pt	ptlow	pthigh	inv.yield	stat +	stat -	sys +	sys -
0.25	0.2	0.3	240.339	2.577	-2.577	19.227	-19.227
0.35	0.3	0.4	142.149	1.384	-1.384	11.371	-11.371
0.45	0.4	0.5	84.2471	0.823	-0.823	6.739	-6.739
0.55	0.5	0.6	52.517	0.557	-0.557	4.201	-4.201
0.65	0.6	0.7	32.669	0.385	-0.385	2.613	-2.613
0.75	0.7	0.8	20.134	0.2673	-0.2673	1.611	-1.611
0.85	0.8	0.9	13.043	0.196	-0.196	1.043	-1.043
0.95	0.9	1	8.382	0.144	-0.144	0.67	-0.67
1.05	1	1.1	0	0	0	0	0
1.15	1.1	1.2	0	0	0	0	0
1.1	1	1.2	4.664	0.0524	-0.0524	0.373	-0.373
1.3	1.2	1.4	2.027	0.0315	-0.0315	0.162	-0.162
1.5	1.4	1.6	0.8877	0.02039	-0.02039	0.07102	-0.07102
1.7	1.6	1.8	0.4393	0.01616	-0.01616	0.03514	-0.03514
1.9	1.8	2	0.2119	0.0141	-0.0141	0.01695	-0.01695
2.1	2	2.2	0	0	0	0	0
2.35	2.2	2.5	0	0	0	0	0
2.25	2	2.5	0.05157	0.00389	-0.00389	0.004126	-0.004126
2.75	2.5	3	0.01175	9.54E-05	-9.54E-05	0.001069	-0.001069
3.5	3	4	0	0	0	0	0
2.625	2.5	2.75	0	0	0	0	0
2.875	2.75	3	0	0	0	0	0
3.125	3	3.25	0	0	0	0	0
3.375	3.25	3.5	0	0	0	0	0
3.625	3.5	3.75	0	0	0	0	0
3.875	3.75	4	0	0	0	0	0
3.25	3	3.5	0.002567	1.45E-05	-1.45E-05	0.0002439	-0.0002439
3.75	3.5	4	0.0005904	1.16E-05	-1.16E-05	5.90E-05	-5.90E-05
4.25	4	4.5	0.00015216	4.83E-06	-4.83E-06	1.58E-05	-1.58E-05
4.75	4.5	5	5.15E-05	2.39E-06	-2.39E-06	5.67E-06	-5.67E-06
5.25	5	5.5	0	0.00E+00	0.00E+00	0.00E+00	0.00E+00
5.75	5.5	6	0	0.00E+00	0.00E+00	0.00E+00	0.00E+00
5.5	5	6	1.01E-05	7.63E-07	-7.63E-07	1.10E-06	-1.10E-06
6.5	6	7	1.69E-06	2.15E-07	-2.15E-07	1.97E-07	-1.97E-07
7.5	7	8	2.72E-07	9.57E-08	-9.57E-08	3.41E-08	-3.41E-08
9	8	10	3.90E-08	2.90E-08	-2.90E-08	4.90E-09	-4.90E-09
11	10	12	0.00E+00	0.00E+00	0.00E+00	0.00E+00	0.00E+00
							
centrality	10	20	213.5	0			
pt	ptlow	pthigh	inv.yield	stat +	stat -	sys +	sys -
0.25	0.2	0.3	167.053	2.122	-2.122	13.364	-13.364
0.35	0.3	0.4	100.299	1.155	-1.155	8.023	-8.023
0.45	0.4	0.5	58.202	0.6781	-0.6781	4.656	-4.656
0.55	0.5	0.6	36.268	0.456	-0.456	2.901	-2.901
0.65	0.6	0.7	22.134	0.3103	-0.3103	1.7707	-1.7707
0.75	0.7	0.8	13.844	0.2171	-0.2171	1.1075	-1.1075
0.85	0.8	0.9	8.8679	0.1566	-0.1566	0.7094	-0.7094
0.95	0.9	1	5.674	0.1158	-0.1158	0.4539	-0.4539
1.05	1	1.1	0	0	0	0	0
1.15	1.1	1.2	0	0	0	0	0
1.1	1	1.2	3.186	0.04303	-0.04303	0.2549	-0.2549
1.3	1.2	1.4	1.37	0.0256	-0.0256	0.1096	-0.1096
1.5	1.4	1.6	0.6616	0.01679	-0.01679	0.0529	-0.0529
1.7	1.6	1.8	0.2987	0.01437	-0.01437	0.0239	-0.0239
1.9	1.8	2	0.1269	0.01031	-0.01031	0.0101	-0.0101
2.1	2	2.2	0	0	0	0	0
2.35	2.2	2.5	0	0	0	0	0
2.25	2	2.5	0.04436	0.00337	-0.00337	0.003549	-0.003549
2.75	2.5	3	0.00865	6.66E-05	-6.66E-05	0.000787	-0.000787
3.5	3	4	0	0	0	0	0
2.625	2.5	2.75	0	0	0	0	0
2.875	2.75	3	0	0	0	0	0
3.125	3	3.25	0	0	0	0	0
3.375	3.25	3.5	0	0	0	0	0
3.625	3.5	3.75	0	0	0	0	0
3.875	3.75	4	0	0	0	0	0
3.25	3	3.5	0.0019379	0.0001588	-0.0001588	0.0001841	-0.0001841
3.75	3.5	4	0.00044027	1.97E-05	-1.97E-05	4.40E-05	-4.40E-05
4.25	4	4.5	0.00012059	6.70E-06	-6.70E-06	1.25E-05	-1.25E-05
4.75	4.5	5	3.52E-05	3.50E-06	-3.50E-06	3.87E-06	-3.87E-06
5.25	5	5.5	0	0.00E+00	0.00E+00	0.00E+00	0.00E+00
5.75	5.5	6	0	0.00E+00	0.00E+00	0.00E+00	0.00E+00
5.5	5	6	8.96E-06	9.50E-07	-9.50E-07	9.80E-07	-9.80E-07
6.5	6	7	1.53E-06	5.40E-07	-5.40E-07	1.78E-07	-1.78E-07
7.5	7	8	2.44E-07	1.17E-07	-1.17E-07	3.05E-08	-3.05E-08
9	8	10	0.00E+00	0.00E+00	0.00E+00	0.00E+00	0.00E+00
11	10	12	0.00E+00	0.00E+00	0.00E+00	0.00E+00	0.00E+00
							
centrality	20	40	120.25	0			
pt	ptlow	pthigh	inv.yield	stat +	stat -	sys +	sys -
0.25	0.2	0.3	97.68	1.08	-1.08	7.81	-7.81
0.35	0.3	0.4	58.58	0.59	-0.59	4.68	-4.68
0.45	0.4	0.5	33.07	0.33	-0.33	2.64	-2.64
0.55	0.5	0.6	20.23	0.22	-0.22	1.618	-1.618
0.65	0.6	0.7	12.44	0.155	-0.155	0.995	-0.995
0.75	0.7	0.8	7.756	0.109	-0.109	0.62	-0.62
0.85	0.8	0.9	4.865	0.079	-0.079	0.389	-0.389
0.95	0.9	1	3.176	0.059	-0.059	0.254	-0.254
1.05	1	1.1	0	0	0	0	0
1.15	1.1	1.2	0	0	0	0	0
1.1	1	1.2	1.772	0.021	-0.021	0.141	-0.141
1.3	1.2	1.4	0.756	0.0129	-0.0129	0.0605	-0.0605
1.5	1.4	1.6	0.362	0.0085	-0.0085	0.0289	-0.0289
1.7	1.6	1.8	0.164	0.0064	-0.0064	0.013	-0.013
1.9	1.8	2	0.074	0.0053	-0.0053	0.0059	-0.0059
2.1	2	2.2	0	0	0	0	0
2.35	2.2	2.5	0	0	0	0	0
2.25	2	2.5	0.025	0.0016	-0.0016	0.002	-0.002
2.75	2.5	3	0.0053	3.55E-05	-3.55E-05	0.00048	-0.00048
3.5	3	4	0	0	0	0	0
2.625	2.5	2.75	0	0	0	0	0
2.875	2.75	3	0	0	0	0	0
3.125	3	3.25	0	0	0	0	0
3.375	3.25	3.5	0	0	0	0	0
3.625	3.5	3.75	0	0	0	0	0
3.875	3.75	4	0	0	0	0	0
3.25	3	3.5	0.0012	2.47E-05	-2.47E-05	0.0001	-0.0001
3.75	3.5	4	0.000297	1.17E-05	-1.17E-05	2.97E-05	-2.97E-05
4.25	4	4.5	8.02E-05	2.99E-06	-2.99E-06	8.34E-06	-8.34E-06
4.75	4.5	5	2.62E-05	1.44E-06	-1.44E-06	2.88E-06	-2.88E-06
5.25	5	5.5	0	0.00E+00	0.00E+00	0.00E+00	0.00E+00
5.75	5.5	6	0	0.00E+00	0.00E+00	0.00E+00	0.00E+00
5.5	5	6	5.33E-06	3.50E-07	-3.50E-07	5.86E-07	-5.86E-07
6.5	6	7	9.15E-07	1.12E-07	-1.12E-07	1.07E-07	-1.07E-07
7.5	7	8	1.94E-07	6.49E-08	-6.49E-08	2.42E-08	-2.42E-08
9	8	10	1.93E-08	1.75E-08	-1.75E-08	2.47E-09	-2.47E-09
11	10	12	0.00E+00	0.00E+00	0.00E+00	0.00E+00	0.00E+00
							
centrality	40	80	29.75	0			
pt	ptlow	pthigh	inv.yield	stat +	stat -	sys +	sys -
0.25	0.2	0.3	26.29	0.38	-0.38	2.1	-2.1
0.35	0.3	0.4	15.65	0.21	-0.21	1.25	-1.25
0.45	0.4	0.5	8.39	0.12	-0.12	0.67	-0.67
0.55	0.5	0.6	5.01	0.076	-0.076	0.4	-0.4
0.65	0.6	0.7	3.05	0.053	-0.053	0.24	-0.24
0.75	0.7	0.8	1.88	0.036	-0.036	0.15	-0.15
0.85	0.8	0.9	1.178	0.027	-0.027	0.094	-0.094
0.95	0.9	1	0.718	0.0188	-0.0188	0.057	-0.057
1.05	1	1.1	0	0	0	0	0
1.15	1.1	1.2	0	0	0	0	0
1.1	1	1.2	0.41	0.0072	-0.0072	0.033	-0.033
1.3	1.2	1.4	0.176	0.0043	-0.0043	0.014	-0.014
1.5	1.4	1.6	0.0817	0.003	-0.003	0.0065	-0.0065
1.7	1.6	1.8	0.039	0.0021	-0.0021	0.0031	-0.0031
1.9	1.8	2	0.021	0.0015	-0.0015	0.00166	-0.00166
2.1	2	2.2	0	0	0	0	0
2.35	2.2	2.5	0	0	0	0	0
2.25	2	2.5	0.0068	0.0006	-0.0006	0.00055	-0.00055
2.75	2.5	3	0.0013	1.57E-05	-1.57E-05	0.0001	-0.0001
3.5	3	4	0	0	0	0	0
2.625	2.5	2.75	0	0	0	0	0
2.875	2.75	3	0	0	0	0	0
3.125	3	3.25	0	0	0	0	0
3.375	3.25	3.5	0	0	0	0	0
3.625	3.5	3.75	0	0	0	0	0
3.875	3.75	4	0	0	0	0	0
3.25	3	3.5	0.00031	6.40E-06	-6.40E-06	2.90E-05	-2.90E-05
3.75	3.5	4	7.80E-05	2.60E-06	-2.60E-06	7.80E-06	-7.80E-06
4.25	4	4.5	2.12E-05	1.84E-06	-1.84E-06	2.20E-06	-2.20E-06
4.75	4.5	5	6.90E-06	5.08E-07	-5.08E-07	7.60E-07	-7.60E-07
5.25	5	5.5	0.00E+00	0.00E+00	0.00E+00	0.00E+00	0.00E+00
5.75	5.5	6	0.00E+00	0.00E+00	0.00E+00	0.00E+00	0.00E+00
5.5	5	6	1.49E-06	1.39E-07	-1.39E-07	1.64E-07	-1.64E-07
6.5	6	7	2.60E-07	5.60E-08	-5.60E-08	3.06E-08	-3.06E-08
7.5	7	8	4.01E-08	1.97E-08	-1.97E-08	5.01E-09	-5.01E-09
9	8	10	6.08E-09	3.04E-09	-3.04E-09	7.78E-10	-7.78E-10
11	10	12	0.00E+00	0.00E+00	0.00E+00	0.00E+00	0.00E+00
