centrality	0	5	535	0
pt	ptlow	pthigh	inv.yield	stat +	stat -	sys +	sys -
0.45	0.4	0.5	161.155	12.8924	-12.8924
0.55	0.5	0.6	99.0142	7.92116	-7.92116
0.65	0.6	0.7	62.1993	4.97596	-4.97596
0.75	0.7	0.8	39.8031	3.18426	-3.18426
0.85	0.8	0.9	25.7642	2.06115	-2.06115
0.95	0.9	1	16.8688	1.34951	-1.34951
1.05	1	1.1	11.2004	0.896041	-0.896041
1.15	1.1	1.2	7.51244	0.601005	-0.601005
1.25	1.2	1.3	5.07148	0.405727	-0.405727
1.35	1.3	1.4	3.46903	0.27753	-0.27753
1.45	1.4	1.5	2.38595	0.190884	-0.190884
1.55	1.5	1.6	1.65239	0.132198	-0.132198
1.65	1.6	1.7	1.14985	0.0919946	-0.0919946
1.75	1.7	1.8	0.809222	0.064744	-0.064744
1.85	1.8	1.9	0.574222	0.0459438	-0.0459438
1.95	1.9	2	0.411087	0.0328927	-0.0328927
							
centrality	5	10	466	0
pt	ptlow	pthigh	inv.yield	stat +	stat -	sys +	sys -
0.45	0.4	0.5	133.857	10.7085	-10.7085
0.55	0.5	0.6	81.7737	6.54191	-6.54191
0.65	0.6	0.7	51.2857	4.10287	-4.10287
0.75	0.7	0.8	32.8317	2.62655	-2.62655
0.85	0.8	0.9	21.2846	1.70278	-1.70278
0.95	0.9	1	13.9615	1.11693	-1.11693
1.05	1	1.1	9.30386	0.744317	-0.744317
1.15	1.1	1.2	6.26416	0.50114	-0.50114
1.25	1.2	1.3	4.25624	0.340506	-0.340506
1.35	1.3	1.4	2.91236	0.232995	-0.232995
1.45	1.4	1.5	2.01059	0.160853	-0.160853
1.55	1.5	1.6	1.39833	0.111872	-0.111872
1.65	1.6	1.7	0.978748	0.078305	-0.078305
1.75	1.7	1.8	0.691715	0.0553422	-0.0553422
1.85	1.8	1.9	0.492736	0.0394236	-0.0394236
1.95	1.9	2	0.353861	0.0283135	-0.0283135
							
centrality	10	20	368.5	0
pt	ptlow	pthigh	inv.yield	stat +	stat -	sys +	sys -
0.45	0.4	0.5	99.7202	7.97762	-7.97762
0.55	0.5	0.6	60.8611	4.8689	-4.8689
0.65	0.6	0.7	38.1066	3.04854	-3.04854
0.75	0.7	0.8	24.4076	1.95261	-1.95261
0.85	0.8	0.9	15.8294	1.26636	-1.26636
0.95	0.9	1	10.3797	0.830382	-0.830382
1.05	1	1.1	6.91896	0.55352	-0.55352
1.15	1.1	1.2	4.67241	0.373796	-0.373796
1.25	1.2	1.3	3.17949	0.254362	-0.254362
1.35	1.3	1.4	2.18405	0.174727	-0.174727
1.45	1.4	1.5	1.51089	0.120874	-0.120874
1.55	1.5	1.6	1.05492	0.0843961	-0.0843961
1.65	1.6	1.7	0.740634	0.0592529	-0.0592529
1.75	1.7	1.8	0.525855	0.0420705	-0.0420705
1.85	1.8	1.9	0.375792	0.0300653	-0.0300653
1.95	1.9	2	0.27124	0.0217011	-0.0217011
							
centrality	20	30	257.5	0
pt	ptlow	pthigh	inv.yield	stat +	stat -	sys +	sys -
0.45	0.4	0.5	66.3984	5.31188	-5.31188    0   0
0.55	0.5	0.6	40.431	3.23449	-3.23449    0   0
0.65	0.6	0.7	25.2101	2.01682	-2.01682    0   0
0.75	0.7	0.8	16.1138	1.28911	-1.28911    0   0
0.85	0.8	0.9	10.4384	0.835074	-0.835074    0   0
0.95	0.9	1	6.83568	0.546858	-0.546858    0   0
1.05	1	1.1	4.54861	0.363892	-0.363892    0   0
1.15	1.1	1.2	3.0751	0.24601	-0.24601    0   0
1.25	1.2	1.3	2.09757	0.167809	-0.167809    0   0
1.35	1.3	1.4	1.44466	0.115575	-0.115575    0   0
1.45	1.4	1.5	1.00243	0.0801965	-0.0801965    0   0
1.55	1.5	1.6	0.701094	0.0560896	-0.0560896    0   0
1.65	1.6	1.7	0.4955	0.0396419	-0.0396419    0   0
1.75	1.7	1.8	0.353069	0.0282474	-0.0282474    0   0
1.85	1.8	1.9	0.253307	0.0202663	-0.0202663    0   0
1.95	1.9	2	0.183327	0.0146678	-0.0146678    0   0
							
centrality	30	40	169.5	0
pt	ptlow	pthigh	inv.yield	stat +	stat -	sys +	sys -
0.45	0.4	0.5	43.3511	3.4681	-3.4681    0   0
0.55	0.5	0.6	26.1836	2.09469	-2.09469    0   0
0.65	0.6	0.7	16.1806	1.29446	-1.29446    0   0
0.75	0.7	0.8	10.268	0.821441	-0.821441    0   0
0.85	0.8	0.9	6.62333	0.52987	-0.52987    0   0
0.95	0.9	1	4.30835	0.344671	-0.344671    0   0
1.05	1	1.1	2.85277	0.228225	-0.228225    0   0
1.15	1.1	1.2	1.92555	0.154046	-0.154046    0   0
1.25	1.2	1.3	1.31246	0.105	-0.105    0   0
1.35	1.3	1.4	0.903684	0.0722968	-0.0722968    0   0
1.45	1.4	1.5	0.627387	0.0501929	-0.0501929    0   0
1.55	1.5	1.6	0.44001	0.0352027	-0.0352027    0   0
1.65	1.6	1.7	0.311095	0.0248894	-0.0248894    0   0
1.75	1.7	1.8	0.222014	0.0177628	-0.0177628    0   0
1.85	1.8	1.9	0.159844	0.0127892	-0.0127892    0   0
1.95	1.9	2	0.116264	0.00930266	-0.00930266    0   0
							
centrality	40	50	104	0
pt	ptlow	pthigh	inv.yield	stat +	stat -	sys +	sys -
0.45	0.4	0.5	25.9706	2.07765	-2.07765    0   0
0.55	0.5	0.6	15.594	1.24752	-1.24752    0   0
0.65	0.6	0.7	9.58471	0.766781	-0.766781    0   0
0.75	0.7	0.8	6.05713	0.484574	-0.484574    0   0
0.85	0.8	0.9	3.89763	0.311814	-0.311814    0   0
0.95	0.9	1	2.52682	0.202148	-0.202148    0   0
1.05	1	1.1	1.66857	0.133488	-0.133488    0   0
1.15	1.1	1.2	1.12485	0.0899903	-0.0899903    0   0
1.25	1.2	1.3	0.767107	0.0613708	-0.0613708    0   0
1.35	1.3	1.4	0.529626	0.0423722	-0.0423722    0   0
1.45	1.4	1.5	0.367851	0.02943	-0.02943    0   0
1.55	1.5	1.6	0.258945	0.0207174	-0.0207174    0   0
1.65	1.6	1.7	0.183613	0.0146907	-0.0146907    0   0
1.75	1.7	1.8	0.131781	0.0105441	-0.0105441    0   0
1.85	1.8	1.9	0.0951888	0.00761668	-0.00761668    0   0
1.95	1.9	2	0.0695253	0.00556355	-0.00556355    0   0
							
centrality	50	60	59	0
pt	ptlow	pthigh	inv.yield	stat +	stat -	sys +	sys -
0.45	0.4	0.5	15.0286	1.2023	-1.2023    0   0
0.55	0.5	0.6	8.93507	0.714811	-0.714811    0   0
0.65	0.6	0.7	5.44181	0.435349	-0.435349    0   0
0.75	0.7	0.8	3.39524	0.271623	-0.271623    0   0
0.85	0.8	0.9	2.16692	0.173357	-0.173357    0   0
0.95	0.9	1	1.39709	0.11177	-0.11177    0   0
1.05	1	1.1	0.915246	0.0732224	-0.0732224    0   0
1.15	1.1	1.2	0.612301	0.0489865	-0.0489865    0   0
1.25	1.2	1.3	0.41725	0.0333823	-0.0333823    0   0
1.35	1.3	1.4	0.286477	0.0229203	-0.0229203    0   0
1.45	1.4	1.5	0.19912	0.0159316	-0.0159316    0   0
1.55	1.5	1.6	0.140079	0.0112081	-0.0112081    0   0
1.65	1.6	1.7	0.0996042	0.00797008	-0.00797008    0   0
1.75	1.7	1.8	0.071489	0.00572079	-0.00572079    0   0
1.85	1.8	1.9	0.051807	0.00414616	-0.00414616    0   0
1.95	1.9	2	0.037859	0.00303027	-0.00303027    0   0
							
centrality	60	70	29.5	0
pt	ptlow	pthigh	inv.yield	stat +	stat -	sys +	sys -
0.45	0.4	0.5	7.76701	0.621367	-0.621367    0   0
0.55	0.5	0.6	4.55965	0.364777	-0.364777    0   0
0.65	0.6	0.7	2.74069	0.21926	-0.21926    0   0
0.75	0.7	0.8	1.6905	0.135244	-0.135244    0   0
0.85	0.8	0.9	1.06999	0.0856025	-0.0856025    0   0
0.95	0.9	1	0.682385	0.0545937	-0.0545937    0   0
1.05	1	1.1	0.443096	0.0354504	-0.0354504    0   0
1.15	1.1	1.2	0.295301	0.0236265	-0.0236265    0   0
1.25	1.2	1.3	0.199756	0.0159827	-0.0159827    0   0
1.35	1.3	1.4	0.137459	0.0109988	-0.0109988    0   0
1.45	1.4	1.5	0.0956683	0.00765539	-0.00765539    0   0
1.55	1.5	1.6	0.0668762	0.00535191	-0.00535191    0   0
1.65	1.6	1.7	0.0475996	0.00380968	-0.00380968    0   0
1.75	1.7	1.8	0.0340383	0.0027247	-0.0027247    0   0
1.85	1.8	1.9	0.0248053	0.001986	-0.001986    0   0
1.95	1.9	2	0.0181712	0.00145522	-0.00145522    0   0
							
centrality	70	80	13	0
pt	ptlow	pthigh	inv.yield	stat +	stat -	sys +	sys -
0.45	0.4	0.5	3.55117	0.284102	-0.284102    0   0
0.55	0.5	0.6	2.04245	0.163402	-0.163402    0   0
0.65	0.6	0.7	1.20662	0.096535	-0.096535    0   0
0.75	0.7	0.8	0.732444	0.0586002	-0.0586002    0   0
0.85	0.8	0.9	0.45706	0.0365689	-0.0365689    0   0
0.95	0.9	1	0.28863	0.0230941	-0.0230941    0   0
1.05	1	1.1	0.185341	0.0148306	-0.0148306    0   0
1.15	1.1	1.2	0.122443	0.0097985	-0.0097985    0   0
1.25	1.2	1.3	0.0824315	0.00659733	-0.00659733    0   0
1.35	1.3	1.4	0.0564617	0.00451954	-0.00451954    0   0
1.45	1.4	1.5	0.0388529	0.00311066	-0.00311066    0   0
1.55	1.5	1.6	0.0272032	0.00217854	-0.00217854    0   0
1.65	1.6	1.7	0.0193929	0.0015536	-0.0015536    0   0
1.75	1.7	1.8	0.0138234	0.00110794	-0.00110794    0   0
1.85	1.8	1.9	0.010032	0.000804556	-0.000804556    0   0
1.95	1.9	2	0.00736645	0.000591256	-0.000591256    0   0
