centrality	0	5	535	0			
pt	ptlow	pthigh	inv.yield	stat +	stat -	sys +	sys -
0.45	0.4	0.5	21.5992	2.16143	-2.16143    0   0
0.55	0.5	0.6	17.3327	1.73435	-1.73435    0   0
0.65	0.6	0.7	13.5451	1.35536	-1.35536    0   0
0.75	0.7	0.8	10.1981	1.02051	-1.02051    0   0
0.85	0.8	0.9	7.43463	0.744058	-0.744058    0   0
0.95	0.9	1	5.42149	0.542672	-0.542672    0   0
1.05	1	1.1	4.07957	0.408428	-0.408428    0   0
1.15	1.1	1.2	2.97621	0.298049	-0.298049    0   0
1.25	1.2	1.3	2.16161	0.216558	-0.216558    0   0
1.35	1.3	1.4	1.54563	0.154934	-0.154934    0   0
1.45	1.4	1.5	1.12883	0.113231	-0.113231    0   0
1.55	1.5	1.6	0.817783	0.0821131	-0.0821131    0   0
1.65	1.6	1.7	0.582875	0.0586108	-0.0586108    0   0
1.75	1.7	1.8	0.429306	0.0432461	-0.0432461    0   0
1.85	1.8	1.9	0.303815	0.0306979	-0.0306979    0   0
1.95	1.9	2	0.219405	0.0222541	-0.0222541    0   0
							
cantrality	5	10	466	0			
pt	ptlow	pthigh	inv.yield	stat +	stat -	sys +	sys -
0.45	0.4	0.5	17.9338	1.79523	-1.79523    0   0
0.55	0.5	0.6	14.4624	1.44758	-1.44758    0   0
0.65	0.6	0.7	11.3901	1.14008	-1.14008    0   0
0.75	0.7	0.8	8.55001	0.855889	-0.855889    0   0
0.85	0.8	0.9	6.2588	0.626639	-0.626639    0   0
0.95	0.9	1	4.55478	0.456141	-0.456141    0   0
1.05	1	1.1	3.4178	0.342377	-0.342377    0   0
1.15	1.1	1.2	2.47244	0.247785	-0.247785    0   0
1.25	1.2	1.3	1.8198	0.182486	-0.182486    0   0
1.35	1.3	1.4	1.28125	0.128599	-0.128599    0   0
1.45	1.4	1.5	0.938021	0.094243	-0.094243    0   0
1.55	1.5	1.6	0.666005	0.0670201	-0.0670201    0   0
1.65	1.6	1.7	0.500131	0.0504133	-0.0504133    0   0
1.75	1.7	1.8	0.342366	0.0346339	-0.0346339    0   0
1.85	1.8	1.9	0.2542	0.0258039	-0.0258039    0   0
1.95	1.9	2	0.182808	0.0186662	-0.0186662    0   0
							
cantrality	10	20	368.5	0			
pt	ptlow	pthigh	inv.yield	stat +	stat -	sys +	sys -
0.45	0.4	0.5	13.7452	1.37505	-1.37505    0   0
0.55	0.5	0.6	10.8811	1.0885	-1.0885    0   0
0.65	0.6	0.7	8.50471	0.850781	-0.850781    0   0
0.75	0.7	0.8	6.38107	0.638364	-0.638364    0   0
0.85	0.8	0.9	4.62447	0.462668	-0.462668    0   0
0.95	0.9	1	3.35987	0.33618	-0.33618    0   0
1.05	1	1.1	2.48727	0.2489	-0.2489    0   0
1.15	1.1	1.2	1.80656	0.180813	-0.180813    0   0
1.25	1.2	1.3	1.31237	0.131383	-0.131383    0   0
1.35	1.3	1.4	0.962394	0.0963766	-0.0963766    0   0
1.45	1.4	1.5	0.699101	0.0700368	-0.0700368    0   0
1.55	1.5	1.6	0.510679	0.0511886	-0.0511886    0   0
1.65	1.6	1.7	0.370327	0.0371472	-0.0371472    0   0
1.75	1.7	1.8	0.266449	0.0267571	-0.0267571    0   0
1.85	1.8	1.9	0.193071	0.0194173	-0.0194173    0   0
1.95	1.9	2	0.139893	0.0141009	-0.0141009    0   0
							
cantrality	20	30	257.5	0			
pt	ptlow	pthigh	inv.yield	stat +	stat -	sys +	sys -
0.45	0.4	0.5	9.77371	0.977857	-0.977857    0   0
0.55	0.5	0.6	7.65892	0.76625	-0.76625    0   0
0.65	0.6	0.7	5.81787	0.582072	-0.582072    0   0
0.75	0.7	0.8	4.29029	0.429265	-0.429265    0   0
0.85	0.8	0.9	3.10559	0.31076	-0.31076    0   0
0.95	0.9	1	2.20959	0.221135	-0.221135    0   0
1.05	1	1.1	1.6189	0.162046	-0.162046    0   0
1.15	1.1	1.2	1.17599	0.11774	-0.11774    0   0
1.25	1.2	1.3	0.858643	0.0859957	-0.0859957    0   0
1.35	1.3	1.4	0.625577	0.0626798	-0.0626798    0   0
1.45	1.4	1.5	0.457138	0.0458272	-0.0458272    0   0
1.55	1.5	1.6	0.325416	0.0326482	-0.0326482    0   0
1.65	1.6	1.7	0.233612	0.0234632	-0.0234632    0   0
1.75	1.7	1.8	0.173278	0.017426	-0.017426    0   0
1.85	1.8	1.9	0.122915	0.0123871	-0.0123871    0   0
1.95	1.9	2	0.0891031	0.00900645	-0.00900645    0   0
							
cantrality	30	40	169.5	0			
pt	ptlow	pthigh	inv.yield	stat +	stat -	sys +	sys -
0.45	0.4	0.5	6.31138	0.631531	-0.631531    0   0
0.55	0.5	0.6	4.82797	0.483087	-0.483087    0   0
0.65	0.6	0.7	3.61468	0.3617	-0.3617    0   0
0.75	0.7	0.8	2.66501	0.266694	-0.266694    0   0
0.85	0.8	0.9	1.9024	0.190405	-0.190405    0   0
0.95	0.9	1	1.34738	0.134883	-0.134883    0   0
1.05	1	1.1	0.978382	0.0979673	-0.0979673    0   0
1.15	1.1	1.2	0.708686	0.0709858	-0.0709858    0   0
1.25	1.2	1.3	0.516527	0.0517622	-0.0517622    0   0
1.35	1.3	1.4	0.377652	0.0378673	-0.0378673    0   0
1.45	1.4	1.5	0.276135	0.0277085	-0.0277085    0   0
1.55	1.5	1.6	0.197443	0.0198337	-0.0198337    0   0
1.65	1.6	1.7	0.144848	0.01457	-0.01457    0   0
1.75	1.7	1.8	0.102488	0.0103313	-0.0103313    0   0
1.85	1.8	1.9	0.0764202	0.00772252	-0.00772252    0   0
1.95	1.9	2	0.056423	0.00572273	-0.00572273    0   0
							
cantrality	40	50	104	0			
pt	ptlow	pthigh	inv.yield	stat +	stat -	sys +	sys -
0.45	0.4	0.5	4.00351	0.400738	-0.400738    0   0
0.55	0.5	0.6	3.03087	0.303372	-0.303372    0   0
0.65	0.6	0.7	2.21662	0.221889	-0.221889    0   0
0.75	0.7	0.8	1.57476	0.157665	-0.157665    0   0
0.85	0.8	0.9	1.12273	0.112433	-0.112433    0   0
0.95	0.9	1	0.78948	0.0790881	-0.0790881    0   0
1.05	1	1.1	0.55696	0.055821	-0.055821    0   0
1.15	1.1	1.2	0.40591	0.040705	-0.040705    0   0
1.25	1.2	1.3	0.302378	0.0303441	-0.0303441    0   0
1.35	1.3	1.4	0.212424	0.0213419	-0.0213419    0   0
1.45	1.4	1.5	0.155214	0.0156141	-0.0156141    0   0
1.55	1.5	1.6	0.114375	0.0115254	-0.0115254    0   0
1.65	1.6	1.7	0.0810355	0.00818769	-0.00818769    0   0
1.75	1.7	1.8	0.0585908	0.00594056	-0.00594056    0   0
1.85	1.8	1.9	0.0447128	0.00455104	-0.00455104    0   0
1.95	1.9	2	0.0321072	0.00329111	-0.00329111    0   0
							
cantrality	50	60	59	0			
pt	ptlow	pthigh	inv.yield	stat +	stat -	sys +	sys -
0.45	0.4	0.5	2.30141	0.230527	-0.230527    0   0
0.55	0.5	0.6	1.67632	0.167916	-0.167916    0   0
0.65	0.6	0.7	1.22321	0.122547	-0.122547    0   0
0.75	0.7	0.8	0.845645	0.0847518	-0.0847518    0   0
0.85	0.8	0.9	0.595521	0.0597116	-0.0597116    0   0
0.95	0.9	1	0.418715	0.0420109	-0.0420109    0   0
1.05	1	1.1	0.294574	0.0295825	-0.0295825    0   0
1.15	1.1	1.2	0.213536	0.0214678	-0.0214678    0   0
1.25	1.2	1.3	0.150012	0.0151084	-0.0151084    0   0
1.35	1.3	1.4	0.109569	0.0110561	-0.0110561    0   0
1.45	1.4	1.5	0.0790463	0.00799953	-0.00799953    0   0
1.55	1.5	1.6	0.0586324	0.00595289	-0.00595289    0   0
1.65	1.6	1.7	0.0413593	0.00422233	-0.00422233    0   0
1.75	1.7	1.8	0.0303917	0.00312198	-0.00312198    0   0
1.85	1.8	1.9	0.0218292	0.00226611	-0.00226611    0   0
1.95	1.9	2	0.0169252	0.00177569	-0.00177569    0   0
							
cantrality	60	70	29.5	0			
pt	ptlow	pthigh	inv.yield	stat +	stat -	sys +	sys -
0.45	0.4	0.5	1.15972	0.11635	-0.11635    0   0
0.55	0.5	0.6	0.824799	0.0827572	-0.0827572    0   0
0.65	0.6	0.7	0.583558	0.0585768	-0.0585768    0   0
0.75	0.7	0.8	0.405494	0.0407329	-0.0407329    0   0
0.85	0.8	0.9	0.280519	0.0282085	-0.0282085    0   0
0.95	0.9	1	0.197337	0.0198701	-0.0198701    0   0
1.05	1	1.1	0.130819	0.0132051	-0.0132051    0   0
1.15	1.1	1.2	0.0960269	0.00971448	-0.00971448    0   0
1.25	1.2	1.3	0.0676188	0.00686641	-0.00686641    0   0
1.35	1.3	1.4	0.0502419	0.00512287	-0.00512287    0   0
1.45	1.4	1.5	0.0356075	0.00365739	-0.00365739    0   0
1.55	1.5	1.6	0.0253863	0.00262936	-0.00262936    0   0
1.65	1.6	1.7	0.0174482	0.00182907	-0.00182907    0   0
1.75	1.7	1.8	0.0129191	0.00137626	-0.00137626    0   0
1.85	1.8	1.9	0.00913481	0.000992931	-0.000992931    0   0
1.95	1.9	2	0.00762889	0.000842669	-0.000842669    0   0
							
cantrality	70	80	13	0			
pt	ptlow	pthigh	inv.yield	stat +	stat -	sys +	sys -
0.45	0.4	0.5	0.486873	0.0491451	-0.0491451    0   0
0.55	0.5	0.6	0.351909	0.0355298	-0.0355298    0   0
0.65	0.6	0.7	0.24298	0.0245706	-0.0245706    0   0
0.75	0.7	0.8	0.165999	0.0168278	-0.0168278    0   0
0.85	0.8	0.9	0.112352	0.0114307	-0.0114307    0   0
0.95	0.9	1	0.0732205	0.0074939	-0.0074939    0   0
1.05	1	1.1	0.0533277	0.0054878	-0.0054878    0   0
1.15	1.1	1.2	0.0371516	0.00385762	-0.00385762    0   0
1.25	1.2	1.3	0.028271	0.00296044	-0.00296044    0   0
1.35	1.3	1.4	0.0183378	0.00196577	-0.00196577    0   0
1.45	1.4	1.5	0.014053	0.00153479	-0.00153479    0   0
1.55	1.5	1.6	0.00989714	0.00112066	-0.00112066    0   0
1.65	1.6	1.7	0.00674776	0.000790036	-0.000790036    0   0
1.75	1.7	1.8	0.00351695	0.000460931	-0.000460931    0   0
1.85	1.8	1.9	0.00306556	0.00041603	-0.00041603    0   0
1.95	1.9	2	0.00262029	0.000369547	-0.000369547    0   0
